round_num,start,freeze_end,end,official_end,winner,reason,bomb_plant,bomb_site,CT_team_clan_name,T_team_clan_name,winner_clan_name,CT_team_current_equip_value,T_team_current_equip_value,ct_losing_streak,t_losing_streak,CT_buy_type,T_buy_type,5v4_advantage,demo_file_name
1,1,1267,5426,5746,ct,t_killed,,not_planted,3DMAX,BIG,3DMAX,4400,"4,250",0,0,Pistol,Pistol,t,3dmax-vs-big-m1-ancient.dem
2,5746,13030,17750,18070,ct,bomb_defused,15871,bombsite_b,3DMAX,BIG,3DMAX,21000,"1,800",0,2,Full Buy,Full Eco,ct,3dmax-vs-big-m1-ancient.dem
3,18070,19350,26576,26896,t,bomb_exploded,23952,bombsite_b,3DMAX,BIG,BIG,23050,"24,950",0,3,Full Buy,Full Buy,t,3dmax-vs-big-m1-ancient.dem
4,26896,28176,35451,35771,ct,bomb_defused,34260,bombsite_b,3DMAX,BIG,3DMAX,17900,"27,850",1,1,Semi-Buy,Full Buy,t,3dmax-vs-big-m1-ancient.dem
5,35771,37051,44609,44929,t,ct_killed,43540,bombsite_b,3DMAX,BIG,BIG,27800,"23,000",0,2,Full Buy,Full Buy,ct,3dmax-vs-big-m1-ancient.dem
6,44929,49008,54032,54352,t,ct_killed,52890,bombsite_b,3DMAX,BIG,BIG,2700,"25,200",1,0,Full Eco,Full Buy,t,3dmax-vs-big-m1-ancient.dem
7,54352,61416,66657,66977,t,ct_killed,,not_planted,3DMAX,BIG,BIG,2300,"28,050",2,0,Full Eco,Full Buy,t,3dmax-vs-big-m1-ancient.dem
8,66977,68257,74583,74903,ct,t_killed,,not_planted,3DMAX,BIG,3DMAX,26100,"28,250",3,0,Full Buy,Full Buy,ct,3dmax-vs-big-m1-ancient.dem
9,74903,76183,83405,83725,t,ct_killed,83248,bombsite_b,3DMAX,BIG,BIG,29050,"26,600",1,1,Full Buy,Full Buy,t,3dmax-vs-big-m1-ancient.dem
10,83725,87278,94037,94357,t,ct_killed,92546,bombsite_b,3DMAX,BIG,BIG,5350,"27,250",2,0,Semi-Eco,Full Buy,ct,3dmax-vs-big-m1-ancient.dem
11,94357,95637,99202,99522,ct,t_killed,,not_planted,3DMAX,BIG,3DMAX,25550,"27,250",3,0,Full Buy,Full Buy,t,3dmax-vs-big-m1-ancient.dem
12,99522,100802,103478,104022,ct,t_killed,,not_planted,3DMAX,BIG,3DMAX,29850,"12,650",1,1,Full Buy,Semi-Buy,ct,3dmax-vs-big-m1-ancient.dem
13,104022,119533,126231,126551,ct,t_killed,,not_planted,BIG,3DMAX,BIG,4200,"5,050",1,1,Pistol,Pistol,t,3dmax-vs-big-m1-ancient.dem
14,126551,127831,133317,133637,ct,bomb_defused,131466,bombsite_b,BIG,3DMAX,BIG,19750,"4,300",0,2,Semi-Buy,Full Eco,t,3dmax-vs-big-m1-ancient.dem
15,133637,134917,142277,142597,ct,time_ran_out,,not_planted,BIG,3DMAX,BIG,25150,"23,500",0,3,Full Buy,Full Buy,ct,3dmax-vs-big-m1-ancient.dem
16,142597,143877,147511,147831,t,ct_killed,145524,bombsite_b,BIG,3DMAX,3DMAX,22600,"10,950",0,4,Full Buy,Semi-Buy,ct,3dmax-vs-big-m1-ancient.dem
17,147831,149111,152375,152695,t,ct_killed,,not_planted,BIG,3DMAX,3DMAX,1000,"26,000",1,2,Full Eco,Full Buy,t,3dmax-vs-big-m1-ancient.dem
18,152695,153975,159280,159600,t,bomb_exploded,156656,bombsite_b,BIG,3DMAX,3DMAX,23200,"25,200",2,1,Full Buy,Full Buy,ct,3dmax-vs-big-m1-ancient.dem
19,159600,163340,170117,170437,t,bomb_exploded,167493,bombsite_b,BIG,3DMAX,3DMAX,17800,"25,200",3,0,Semi-Buy,Full Buy,ct,3dmax-vs-big-m1-ancient.dem
20,170437,171717,179638,179958,t,ct_killed,178370,bombsite_b,BIG,3DMAX,3DMAX,28700,"25,900",4,0,Full Buy,Full Buy,ct,3dmax-vs-big-m1-ancient.dem
21,179958,183920,191253,191573,ct,bomb_defused,189619,bombsite_b,BIG,3DMAX,BIG,23450,"24,250",5,0,Full Buy,Full Buy,ct,3dmax-vs-big-m1-ancient.dem
22,191573,192853,199066,199386,ct,bomb_defused,196999,bombsite_b,BIG,3DMAX,BIG,27250,"23,650",3,1,Full Buy,Full Buy,t,3dmax-vs-big-m1-ancient.dem
23,199386,203166,208556,208876,t,bomb_exploded,205932,bombsite_b,BIG,3DMAX,3DMAX,28750,"24,300",2,2,Full Buy,Full Buy,t,3dmax-vs-big-m1-ancient.dem
24,208876,210156,217504,217504,t,ct_killed,215770,bombsite_b,BIG,3DMAX,3DMAX,20650,"28,150",3,0,Full Buy,Full Buy,t,3dmax-vs-big-m1-ancient.dem
1,1,1265,5482,5802,t,ct_killed,2952,bombsite_b,BIG,3DMAX,3DMAX,4150,"4,300",0,0,Pistol,Pistol,t,3dmax-vs-big-m2-inferno.dem
2,5802,7082,14442,14762,ct,time_ran_out,,not_planted,BIG,3DMAX,BIG,10550,"19,550",2,0,Semi-Buy,Semi-Buy,ct,3dmax-vs-big-m2-inferno.dem
3,14762,16042,21557,21877,t,ct_killed,19796,bombsite_b,BIG,3DMAX,3DMAX,21150,"12,250",0,1,Full Buy,Semi-Buy,t,3dmax-vs-big-m2-inferno.dem
4,21877,23157,31496,31816,t,bomb_exploded,28872,bombsite_b,BIG,3DMAX,3DMAX,11200,"21,100",1,0,Semi-Buy,Full Buy,t,3dmax-vs-big-m2-inferno.dem
5,31816,33096,40223,40543,t,bomb_exploded,37599,bombsite_b,BIG,3DMAX,3DMAX,1000,"21,800",2,0,Full Eco,Full Buy,ct,3dmax-vs-big-m2-inferno.dem
6,40543,41823,49183,49503,ct,time_ran_out,,not_planted,BIG,3DMAX,BIG,24450,"27,650",3,0,Full Buy,Full Buy,t,3dmax-vs-big-m2-inferno.dem
7,49503,50783,59764,60084,t,bomb_exploded,57140,bombsite_b,BIG,3DMAX,3DMAX,27000,"26,650",1,1,Full Buy,Full Buy,t,3dmax-vs-big-m2-inferno.dem
8,60084,61364,65234,65554,t,ct_killed,64324,bombsite_b,BIG,3DMAX,3DMAX,26350,"27,650",2,0,Full Buy,Full Buy,ct,3dmax-vs-big-m2-inferno.dem
9,65554,66834,73081,73401,t,ct_killed,70914,bombsite_b,BIG,3DMAX,3DMAX,11600,"26,550",3,0,Semi-Buy,Full Buy,t,3dmax-vs-big-m2-inferno.dem
10,73401,76821,82780,83100,t,ct_killed,80995,bombsite_b,BIG,3DMAX,3DMAX,26400,"27,550",4,0,Full Buy,Full Buy,ct,3dmax-vs-big-m2-inferno.dem
11,83100,84380,91810,92130,ct,bomb_defused,90101,bombsite_b,BIG,3DMAX,BIG,9500,"27,750",5,0,Semi-Eco,Full Buy,t,3dmax-vs-big-m2-inferno.dem
12,92130,95599,100601,101145,t,ct_killed,,not_planted,BIG,3DMAX,3DMAX,29950,"29,050",3,1,Full Buy,Full Buy,ct,3dmax-vs-big-m2-inferno.dem
13,101145,115169,120445,120765,ct,t_killed,,not_planted,3DMAX,BIG,3DMAX,4500,"4,400",1,1,Pistol,Pistol,t,3dmax-vs-big-m2-inferno.dem
14,120765,122045,125085,125405,ct,t_killed,,not_planted,3DMAX,BIG,3DMAX,16100,"10,450",0,2,Semi-Buy,Semi-Buy,t,3dmax-vs-big-m2-inferno.dem
15,125405,126685,128127,128447,ct,t_killed,,not_planted,3DMAX,BIG,3DMAX,20800,"5,350",0,3,Full Buy,Semi-Eco,ct,3dmax-vs-big-m2-inferno.dem
16,128447,129727,135260,135580,t,bomb_exploded,132636,bombsite_b,3DMAX,BIG,BIG,28200,"23,700",0,4,Full Buy,Full Buy,ct,3dmax-vs-big-m2-inferno.dem
17,135580,139531,143469,143789,t,ct_killed,,not_planted,3DMAX,BIG,BIG,26650,"25,500",1,2,Full Buy,Full Buy,t,3dmax-vs-big-m2-inferno.dem
18,143789,145069,148768,149088,t,ct_killed,148501,bombsite_b,3DMAX,BIG,BIG,1000,"27,350",2,1,Full Eco,Full Buy,ct,3dmax-vs-big-m2-inferno.dem
19,149088,150368,154740,154740,ct,t_killed,,not_planted,3DMAX,BIG,3DMAX,24600,"27,450",3,0,Full Buy,Full Buy,ct,3dmax-vs-big-m2-inferno.dem
1,1,1266,4086,4406,ct,t_killed,,not_planted,Eternal Fire,3DMAX,Eternal Fire,4150,"4,400",0,0,Pistol,Pistol,t,eternal-fire-vs-3dmax-m1-inferno.dem
2,4406,5686,11013,11333,ct,t_killed,,not_planted,Eternal Fire,3DMAX,Eternal Fire,20950,"1,500",0,2,Full Buy,Full Eco,ct,eternal-fire-vs-3dmax-m1-inferno.dem
3,11333,12613,20814,21134,t,bomb_exploded,18190,bombsite_b,Eternal Fire,3DMAX,3DMAX,25400,"22,900",0,3,Full Buy,Full Buy,t,eternal-fire-vs-3dmax-m1-inferno.dem
4,21134,22414,30854,31174,t,bomb_exploded,28230,bombsite_b,Eternal Fire,3DMAX,3DMAX,21250,"25,200",1,1,Full Buy,Full Buy,t,eternal-fire-vs-3dmax-m1-inferno.dem
5,31174,32454,41629,41949,t,bomb_exploded,39005,bombsite_b,Eternal Fire,3DMAX,3DMAX,5150,"25,400",2,0,Semi-Eco,Full Buy,ct,eternal-fire-vs-3dmax-m1-inferno.dem
6,41949,43229,50002,50322,ct,t_killed,,not_planted,Eternal Fire,3DMAX,Eternal Fire,26450,"25,600",3,0,Full Buy,Full Buy,t,eternal-fire-vs-3dmax-m1-inferno.dem
7,50322,51602,58239,58559,t,ct_killed,56931,bombsite_b,Eternal Fire,3DMAX,3DMAX,28600,"24,800",1,1,Full Buy,Full Buy,t,eternal-fire-vs-3dmax-m1-inferno.dem
8,58559,62954,71339,71659,t,bomb_exploded,68715,bombsite_b,Eternal Fire,3DMAX,3DMAX,9650,"21,950",2,0,Semi-Eco,Full Buy,ct,eternal-fire-vs-3dmax-m1-inferno.dem
9,71659,72939,76903,77223,t,ct_killed,76122,bombsite_b,Eternal Fire,3DMAX,3DMAX,22550,"25,400",3,0,Full Buy,Full Buy,t,eternal-fire-vs-3dmax-m1-inferno.dem
10,77223,78503,88271,88591,t,bomb_exploded,85647,bombsite_b,Eternal Fire,3DMAX,3DMAX,12100,"25,500",4,0,Semi-Buy,Full Buy,ct,eternal-fire-vs-3dmax-m1-inferno.dem
11,88591,89871,94903,95223,t,ct_killed,92943,bombsite_b,Eternal Fire,3DMAX,3DMAX,26900,"25,700",5,0,Full Buy,Full Buy,t,eternal-fire-vs-3dmax-m1-inferno.dem
12,95223,96503,104378,104922,t,ct_killed,102787,bombsite_b,Eternal Fire,3DMAX,3DMAX,21250,"26,400",6,0,Full Buy,Full Buy,ct,eternal-fire-vs-3dmax-m1-inferno.dem
13,104922,119733,124614,124934,ct,t_killed,,not_planted,3DMAX,Eternal Fire,3DMAX,5350,"5,650",1,1,Pistol,Pistol,t,eternal-fire-vs-3dmax-m1-inferno.dem
14,124934,126214,133649,133969,ct,bomb_defused,132165,bombsite_b,3DMAX,Eternal Fire,3DMAX,20350,"8,800",0,2,Full Buy,Semi-Eco,t,eternal-fire-vs-3dmax-m1-inferno.dem
15,133969,137852,144546,144866,ct,bomb_defused,143232,bombsite_b,3DMAX,Eternal Fire,3DMAX,25350,"18,050",0,3,Full Buy,Semi-Buy,ct,eternal-fire-vs-3dmax-m1-inferno.dem
16,144866,146146,154801,155121,t,bomb_exploded,152177,bombsite_b,3DMAX,Eternal Fire,Eternal Fire,26750,"20,550",0,4,Full Buy,Full Buy,ct,eternal-fire-vs-3dmax-m1-inferno.dem
17,155121,156401,158977,158977,ct,t_killed,,not_planted,3DMAX,Eternal Fire,3DMAX,26600,"25,200",1,2,Full Buy,Full Buy,t,eternal-fire-vs-3dmax-m1-inferno.dem
1,1,1265,6863,7183,ct,t_killed,,not_planted,3DMAX,Eternal Fire,3DMAX,4200,"4,350",0,0,Pistol,Pistol,t,eternal-fire-vs-3dmax-m2-anubis.dem
2,7183,8463,13366,13686,ct,t_killed,,not_planted,3DMAX,Eternal Fire,3DMAX,22000,"1,000",0,2,Full Buy,Full Eco,ct,eternal-fire-vs-3dmax-m2-anubis.dem
3,13686,14966,20934,21254,t,ct_killed,20412,bombsite_b,3DMAX,Eternal Fire,Eternal Fire,25300,"23,400",0,3,Full Buy,Full Buy,t,eternal-fire-vs-3dmax-m2-anubis.dem
4,21254,22534,27776,28096,t,ct_killed,26416,bombsite_b,3DMAX,Eternal Fire,Eternal Fire,2550,"25,500",1,1,Full Eco,Full Buy,t,eternal-fire-vs-3dmax-m2-anubis.dem
5,28096,29376,37426,37746,t,bomb_exploded,34802,bombsite_b,3DMAX,Eternal Fire,Eternal Fire,25800,"25,700",2,0,Full Buy,Full Buy,ct,eternal-fire-vs-3dmax-m2-anubis.dem
6,37746,41975,45901,46221,t,ct_killed,,not_planted,3DMAX,Eternal Fire,Eternal Fire,5750,"28,050",3,0,Semi-Eco,Full Buy,t,eternal-fire-vs-3dmax-m2-anubis.dem
7,46221,47501,56079,56399,ct,bomb_defused,54490,bombsite_b,3DMAX,Eternal Fire,3DMAX,26900,"27,650",4,0,Full Buy,Full Buy,t,eternal-fire-vs-3dmax-m2-anubis.dem
8,56399,57679,63576,63896,ct,t_killed,,not_planted,3DMAX,Eternal Fire,3DMAX,25900,"27,750",2,1,Full Buy,Full Buy,ct,eternal-fire-vs-3dmax-m2-anubis.dem
9,63896,65176,71269,71589,t,bomb_exploded,68645,bombsite_b,3DMAX,Eternal Fire,Eternal Fire,28450,"27,450",1,2,Full Buy,Full Buy,t,eternal-fire-vs-3dmax-m2-anubis.dem
10,71589,72869,76127,76447,t,ct_killed,,not_planted,3DMAX,Eternal Fire,Eternal Fire,26100,"25,800",2,0,Full Buy,Full Buy,ct,eternal-fire-vs-3dmax-m2-anubis.dem
11,76447,77727,86498,86818,t,bomb_exploded,83874,bombsite_b,3DMAX,Eternal Fire,Eternal Fire,5050,"26,100",3,0,Semi-Eco,Full Buy,t,eternal-fire-vs-3dmax-m2-anubis.dem
12,86818,90571,95020,95564,t,ct_killed,,not_planted,3DMAX,Eternal Fire,Eternal Fire,29450,"28,250",4,0,Full Buy,Full Buy,ct,eternal-fire-vs-3dmax-m2-anubis.dem
13,95564,110171,112475,112795,ct,t_killed,,not_planted,Eternal Fire,3DMAX,Eternal Fire,4000,"4,150",1,1,Pistol,Pistol,t,eternal-fire-vs-3dmax-m2-anubis.dem
14,112795,114075,118244,118564,ct,t_killed,,not_planted,Eternal Fire,3DMAX,Eternal Fire,19850,"9,700",0,2,Semi-Buy,Semi-Eco,t,eternal-fire-vs-3dmax-m2-anubis.dem
15,118564,119844,123019,123339,ct,t_killed,,not_planted,Eternal Fire,3DMAX,Eternal Fire,24350,"5,750",0,3,Full Buy,Semi-Eco,ct,eternal-fire-vs-3dmax-m2-anubis.dem
16,123339,124619,132272,132592,t,bomb_exploded,129648,bombsite_b,Eternal Fire,3DMAX,3DMAX,28700,"23,000",0,4,Full Buy,Full Buy,ct,eternal-fire-vs-3dmax-m2-anubis.dem
17,132592,133872,140444,140764,ct,t_killed,,not_planted,Eternal Fire,3DMAX,Eternal Fire,29900,"25,300",1,2,Full Buy,Full Buy,t,eternal-fire-vs-3dmax-m2-anubis.dem
18,140764,144847,151638,151958,t,ct_killed,150249,bombsite_b,Eternal Fire,3DMAX,3DMAX,30550,"21,700",0,3,Full Buy,Full Buy,ct,eternal-fire-vs-3dmax-m2-anubis.dem
19,151958,155971,163315,163635,t,ct_killed,162826,bombsite_b,Eternal Fire,3DMAX,3DMAX,6500,"26,850",1,1,Semi-Eco,Full Buy,ct,eternal-fire-vs-3dmax-m2-anubis.dem
20,163635,164915,172361,172681,t,ct_killed,171145,bombsite_b,Eternal Fire,3DMAX,3DMAX,25100,"22,900",2,0,Full Buy,Full Buy,ct,eternal-fire-vs-3dmax-m2-anubis.dem
21,172681,173961,177917,178237,t,ct_killed,,not_planted,Eternal Fire,3DMAX,3DMAX,4600,"26,550",3,0,Full Eco,Full Buy,ct,eternal-fire-vs-3dmax-m2-anubis.dem
22,178237,182281,187918,188238,t,bomb_exploded,185294,bombsite_b,Eternal Fire,3DMAX,3DMAX,24950,"28,250",4,0,Full Buy,Full Buy,t,eternal-fire-vs-3dmax-m2-anubis.dem
23,188238,189518,197298,197618,t,bomb_exploded,194674,bombsite_b,Eternal Fire,3DMAX,3DMAX,16250,28250,5,0,Semi-Buy,Full Buy,t,eternal-fire-vs-3dmax-m2-anubis.dem
24,197618,198898,207169,207713,t,ct_killed,206226,bombsite_b,Eternal Fire,3DMAX,3DMAX,29800,28750,6,0,Full Buy,Full Buy,t,eternal-fire-vs-3dmax-m2-anubis.dem
25,207713,208993,216445,216765,t,bomb_exploded,213821,bombsite_b,Eternal Fire,3DMAX,3DMAX,32350,27350,1,1,Full Buy,Full Buy,t,eternal-fire-vs-3dmax-m2-anubis.dem
26,216765,220451,227195,227515,ct,t_killed,,not_planted,Eternal Fire,3DMAX,Eternal Fire,30300,28050,2,0,Full Buy,Full Buy,ct,eternal-fire-vs-3dmax-m2-anubis.dem
27,227515,228795,236152,236696,ct,bomb_defused,234943,bombsite_b,Eternal Fire,3DMAX,Eternal Fire,30750,28850,0,1,Full Buy,Full Buy,t,eternal-fire-vs-3dmax-m2-anubis.dem
28,236696,240523,248392,248712,t,ct_killed,247529,bombsite_b,3DMAX,Eternal Fire,Eternal Fire,31050,27350,1,1,Full Buy,Full Buy,t,eternal-fire-vs-3dmax-m2-anubis.dem
29,248712,251879,257254,257254,t,ct_killed,256060,bombsite_b,3DMAX,Eternal Fire,Eternal Fire,31450,27550,2,0,Full Buy,Full Buy,ct,eternal-fire-vs-3dmax-m2-anubis.dem
1,1,1267,5034,5354,ct,t_killed,,not_planted,3DMAX,Eternal Fire,3DMAX,4400,4450,0,0,Pistol,Pistol,t,eternal-fire-vs-3dmax-m3-dust2.dem
2,5354,6634,10011,10331,ct,t_killed,,not_planted,3DMAX,Eternal Fire,3DMAX,20550,1000,0,2,Full Buy,Full Eco,ct,eternal-fire-vs-3dmax-m3-dust2.dem
3,10331,11611,20380,20700,t,bomb_exploded,17756,bombsite_b,3DMAX,Eternal Fire,Eternal Fire,23350,23300,0,3,Full Buy,Full Buy,t,eternal-fire-vs-3dmax-m3-dust2.dem
4,20700,21980,30893,31213,ct,bomb_defused,28594,bombsite_b,3DMAX,Eternal Fire,3DMAX,26350,25400,1,1,Full Buy,Full Buy,t,eternal-fire-vs-3dmax-m3-dust2.dem
5,31213,32493,39428,39748,t,bomb_exploded,36804,bombsite_b,3DMAX,Eternal Fire,Eternal Fire,27650,24650,0,2,Full Buy,Full Buy,ct,eternal-fire-vs-3dmax-m3-dust2.dem
6,39748,41028,47711,48031,ct,bomb_defused,45434,bombsite_b,3DMAX,Eternal Fire,3DMAX,21300,27350,1,0,Full Buy,Full Buy,t,eternal-fire-vs-3dmax-m3-dust2.dem
7,48031,49311,56897,57217,t,bomb_exploded,54273,bombsite_b,3DMAX,Eternal Fire,Eternal Fire,27250,22850,0,1,Full Buy,Full Buy,t,eternal-fire-vs-3dmax-m3-dust2.dem
8,57217,61123,67186,67506,t,bomb_exploded,64562,bombsite_b,3DMAX,Eternal Fire,Eternal Fire,19650,27350,1,0,Semi-Buy,Full Buy,ct,eternal-fire-vs-3dmax-m3-dust2.dem
9,67506,72749,75889,76209,ct,t_killed,,not_planted,3DMAX,Eternal Fire,3DMAX,11550,27450,2,0,Semi-Buy,Full Buy,t,eternal-fire-vs-3dmax-m3-dust2.dem
10,76209,77489,84285,84605,t,ct_killed,82171,bombsite_b,3DMAX,Eternal Fire,Eternal Fire,32100,25850,0,1,Full Buy,Full Buy,ct,eternal-fire-vs-3dmax-m3-dust2.dem
11,84605,85885,88416,88736,t,ct_killed,,not_planted,3DMAX,Eternal Fire,Eternal Fire,23550,28050,1,0,Full Buy,Full Buy,t,eternal-fire-vs-3dmax-m3-dust2.dem
12,88736,90016,97461,98005,t,ct_killed,96090,bombsite_b,3DMAX,Eternal Fire,Eternal Fire,10300,28550,2,0,Semi-Buy,Full Buy,ct,eternal-fire-vs-3dmax-m3-dust2.dem
13,98005,112441,116463,116783,t,ct_killed,115440,bombsite_b,Eternal Fire,3DMAX,3DMAX,4600,5100,1,1,Pistol,Pistol,t,eternal-fire-vs-3dmax-m3-dust2.dem
14,116783,118063,126102,126422,ct,bomb_defused,124281,bombsite_b,Eternal Fire,3DMAX,Eternal Fire,12300,19950,2,0,Semi-Buy,Semi-Buy,t,eternal-fire-vs-3dmax-m3-dust2.dem
15,126422,127702,134585,134905,ct,t_killed,,not_planted,Eternal Fire,3DMAX,Eternal Fire,25950,1000,0,1,Full Buy,Full Eco,ct,eternal-fire-vs-3dmax-m3-dust2.dem
16,134905,136185,142436,142756,ct,t_killed,,not_planted,Eternal Fire,3DMAX,Eternal Fire,26250,21000,0,2,Full Buy,Full Buy,ct,eternal-fire-vs-3dmax-m3-dust2.dem
17,142756,144036,152077,152397,ct,bomb_defused,151351,bombsite_b,Eternal Fire,3DMAX,Eternal Fire,28800,2500,0,3,Full Buy,Full Eco,t,eternal-fire-vs-3dmax-m3-dust2.dem
18,152397,155959,162924,163244,t,ct_killed,161133,bombsite_b,Eternal Fire,3DMAX,3DMAX,31350,24900,0,4,Full Buy,Full Buy,ct,eternal-fire-vs-3dmax-m3-dust2.dem
19,163244,167201,176169,176489,t,bomb_exploded,173545,bombsite_b,Eternal Fire,3DMAX,3DMAX,26400,25500,1,2,Full Buy,Full Buy,ct,eternal-fire-vs-3dmax-m3-dust2.dem
20,176489,177769,180302,180622,t,ct_killed,,not_planted,Eternal Fire,3DMAX,3DMAX,1300,27650,2,1,Full Eco,Full Buy,ct,eternal-fire-vs-3dmax-m3-dust2.dem
21,180622,181902,187157,187477,t,bomb_exploded,184533,bombsite_b,Eternal Fire,3DMAX,3DMAX,23900,26150,3,0,Full Buy,Full Buy,ct,eternal-fire-vs-3dmax-m3-dust2.dem
22,187477,188757,195507,195827,ct,t_killed,,not_planted,Eternal Fire,3DMAX,Eternal Fire,10550,27450,4,0,Semi-Buy,Full Buy,t,eternal-fire-vs-3dmax-m3-dust2.dem
23,195827,197107,203789,203789,ct,t_killed,,not_planted,Eternal Fire,3DMAX,Eternal Fire,28750,21600,2,1,Full Buy,Full Buy,t,eternal-fire-vs-3dmax-m3-dust2.dem
1,1,3190,8103,8423,ct,bomb_defused,6381,bombsite_b,FaZe Clan,Eternal Fire,FaZe Clan,4000,4350,0,0,Pistol,Pistol,t,eternal-fire-vs-faze-m1-anubis.dem
2,8423,9703,15374,15694,t,ct_killed,14386,bombsite_b,FaZe Clan,Eternal Fire,Eternal Fire,22100,13600,0,2,Full Buy,Semi-Buy,ct,eternal-fire-vs-faze-m1-anubis.dem
3,15694,16974,23766,24086,t,ct_killed,23156,bombsite_b,FaZe Clan,Eternal Fire,Eternal Fire,7450,21900,1,0,Semi-Eco,Full Buy,t,eternal-fire-vs-faze-m1-anubis.dem
4,24086,25366,28776,29096,t,ct_killed,,not_planted,FaZe Clan,Eternal Fire,Eternal Fire,1200,21600,2,0,Full Eco,Full Buy,t,eternal-fire-vs-faze-m1-anubis.dem
5,29096,30376,36628,36948,t,bomb_exploded,34004,bombsite_b,FaZe Clan,Eternal Fire,Eternal Fire,23150,28150,3,0,Full Buy,Full Buy,ct,eternal-fire-vs-faze-m1-anubis.dem
6,36948,40590,47063,47383,t,bomb_exploded,44439,bombsite_b,FaZe Clan,Eternal Fire,Eternal Fire,15700,27350,4,0,Semi-Buy,Full Buy,t,eternal-fire-vs-faze-m1-anubis.dem
7,47383,48663,55604,55924,t,bomb_exploded,52980,bombsite_b,FaZe Clan,Eternal Fire,Eternal Fire,29200,27850,5,0,Full Buy,Full Buy,t,eternal-fire-vs-faze-m1-anubis.dem
8,55924,59550,67622,67942,t,ct_killed,65445,bombsite_b,FaZe Clan,Eternal Fire,Eternal Fire,26100,27950,6,0,Full Buy,Full Buy,ct,eternal-fire-vs-faze-m1-anubis.dem
9,67942,69222,74233,74553,t,ct_killed,74106,bombsite_b,FaZe Clan,Eternal Fire,Eternal Fire,8150,27850,7,0,Semi-Eco,Full Buy,t,eternal-fire-vs-faze-m1-anubis.dem
10,74553,78676,85892,86212,t,ct_killed,83833,bombsite_b,FaZe Clan,Eternal Fire,Eternal Fire,27800,27350,8,0,Full Buy,Full Buy,ct,eternal-fire-vs-faze-m1-anubis.dem
11,86212,87492,93159,93479,t,ct_killed,92259,bombsite_b,FaZe Clan,Eternal Fire,Eternal Fire,19050,27850,9,0,Semi-Buy,Full Buy,t,eternal-fire-vs-faze-m1-anubis.dem
12,93479,94759,101486,102030,t,ct_killed,101040,bombsite_b,FaZe Clan,Eternal Fire,Eternal Fire,17950,28350,10,0,Semi-Buy,Full Buy,ct,eternal-fire-vs-faze-m1-anubis.dem
13,102030,116428,120468,120788,t,ct_killed,119356,bombsite_b,Eternal Fire,FaZe Clan,FaZe Clan,4500,4700,1,1,Pistol,Pistol,t,eternal-fire-vs-faze-m1-anubis.dem
14,120788,122068,123996,124316,t,ct_killed,,not_planted,Eternal Fire,FaZe Clan,FaZe Clan,1000,21400,2,0,Full Eco,Full Buy,t,eternal-fire-vs-faze-m1-anubis.dem
15,124316,125596,130430,130750,t,bomb_exploded,127806,bombsite_b,Eternal Fire,FaZe Clan,FaZe Clan,24600,23700,3,0,Full Buy,Full Buy,ct,eternal-fire-vs-faze-m1-anubis.dem
16,130750,132030,137536,137856,ct,t_killed,,not_planted,Eternal Fire,FaZe Clan,Eternal Fire,10950,25700,4,0,Semi-Buy,Full Buy,ct,eternal-fire-vs-faze-m1-anubis.dem
17,137856,139136,147026,147026,ct,bomb_defused,146108,bombsite_b,Eternal Fire,FaZe Clan,Eternal Fire,29450,20350,2,1,Full Buy,Full Buy,t,eternal-fire-vs-faze-m1-anubis.dem
1,1,1267,7125,7445,t,ct_killed,,not_planted,Eternal Fire,FaZe Clan,FaZe Clan,4200,4700,0,0,Pistol,Pistol,t,eternal-fire-vs-faze-m2-nuke.dem
2,7445,8725,13318,13638,ct,bomb_defused,11718,bombsite_b,Eternal Fire,FaZe Clan,Eternal Fire,11300,19250,2,0,Semi-Buy,Semi-Buy,ct,eternal-fire-vs-faze-m2-nuke.dem
3,13638,14918,19251,19571,ct,bomb_defused,18461,bombsite_b,Eternal Fire,FaZe Clan,Eternal Fire,23500,10600,0,1,Full Buy,Semi-Buy,t,eternal-fire-vs-faze-m2-nuke.dem
4,19571,20851,23138,23458,ct,t_killed,,not_planted,Eternal Fire,FaZe Clan,Eternal Fire,27650,7100,0,2,Full Buy,Semi-Eco,t,eternal-fire-vs-faze-m2-nuke.dem
5,23458,24738,32779,33099,t,ct_killed,31298,bombsite_b,Eternal Fire,FaZe Clan,FaZe Clan,28750,23600,0,3,Full Buy,Full Buy,ct,eternal-fire-vs-faze-m2-nuke.dem
6,33099,36666,42379,42699,ct,t_killed,,not_planted,Eternal Fire,FaZe Clan,Eternal Fire,22550,21750,1,1,Full Buy,Full Buy,t,eternal-fire-vs-faze-m2-nuke.dem
7,42699,46730,49244,49564,ct,t_killed,,not_planted,Eternal Fire,FaZe Clan,Eternal Fire,24550,5400,0,2,Full Buy,Semi-Eco,t,eternal-fire-vs-faze-m2-nuke.dem
8,49564,50844,56897,57217,ct,t_killed,,not_planted,Eternal Fire,FaZe Clan,Eternal Fire,27400,20400,0,3,Full Buy,Full Buy,ct,eternal-fire-vs-faze-m2-nuke.dem
9,57217,58497,60980,61300,ct,t_killed,,not_planted,Eternal Fire,FaZe Clan,Eternal Fire,30950,8750,0,4,Full Buy,Semi-Eco,t,eternal-fire-vs-faze-m2-nuke.dem
10,61300,62580,68062,68382,ct,t_killed,,not_planted,Eternal Fire,FaZe Clan,Eternal Fire,30850,24900,0,5,Full Buy,Full Buy,ct,eternal-fire-vs-faze-m2-nuke.dem
11,68382,71916,77705,78025,ct,t_killed,,not_planted,Eternal Fire,FaZe Clan,Eternal Fire,30850,11400,0,6,Full Buy,Semi-Buy,t,eternal-fire-vs-faze-m2-nuke.dem
12,78025,79305,87788,88332,t,ct_killed,85357,bombsite_b,Eternal Fire,FaZe Clan,FaZe Clan,33900,25000,0,7,Full Buy,Full Buy,ct,eternal-fire-vs-faze-m2-nuke.dem
13,88332,102724,105286,105606,ct,t_killed,,not_planted,FaZe Clan,Eternal Fire,FaZe Clan,4200,4300,1,1,Pistol,Pistol,t,eternal-fire-vs-faze-m2-nuke.dem
14,105606,106886,109851,110171,ct,t_killed,,not_planted,FaZe Clan,Eternal Fire,FaZe Clan,20450,1300,0,2,Full Buy,Full Eco,t,eternal-fire-vs-faze-m2-nuke.dem
15,110171,111451,117594,117914,ct,bomb_defused,115563,bombsite_b,FaZe Clan,Eternal Fire,FaZe Clan,22850,23000,0,3,Full Buy,Full Buy,ct,eternal-fire-vs-faze-m2-nuke.dem
16,117914,119194,122010,122330,ct,t_killed,,not_planted,FaZe Clan,Eternal Fire,FaZe Clan,30650,17550,0,4,Full Buy,Semi-Buy,ct,eternal-fire-vs-faze-m2-nuke.dem
17,122330,126230,128136,128456,ct,t_killed,,not_planted,FaZe Clan,Eternal Fire,FaZe Clan,30150,14300,0,5,Full Buy,Semi-Buy,t,eternal-fire-vs-faze-m2-nuke.dem
18,128456,129736,134694,135014,ct,t_killed,,not_planted,FaZe Clan,Eternal Fire,FaZe Clan,30550,24000,0,6,Full Buy,Full Buy,ct,eternal-fire-vs-faze-m2-nuke.dem
19,135014,136294,142950,143270,ct,bomb_defused,141645,bombsite_b,FaZe Clan,Eternal Fire,FaZe Clan,30450,9600,0,7,Full Buy,Semi-Eco,ct,eternal-fire-vs-faze-m2-nuke.dem
20,143270,146724,151658,151978,t,ct_killed,150912,bombsite_b,FaZe Clan,Eternal Fire,Eternal Fire,30550,25800,0,8,Full Buy,Full Buy,ct,eternal-fire-vs-faze-m2-nuke.dem
21,151978,155420,162026,162346,ct,t_killed,,not_planted,FaZe Clan,Eternal Fire,FaZe Clan,30550,25600,1,3,Full Buy,Full Buy,ct,eternal-fire-vs-faze-m2-nuke.dem
22,162346,163626,170720,171040,t,ct_killed,,not_planted,FaZe Clan,Eternal Fire,Eternal Fire,30150,28050,0,4,Full Buy,Full Buy,t,eternal-fire-vs-faze-m2-nuke.dem
23,171040,172320,178255,178575,ct,t_killed,,not_planted,FaZe Clan,Eternal Fire,FaZe Clan,16800,24800,1,2,Semi-Buy,Full Buy,t,eternal-fire-vs-faze-m2-nuke.dem
24,178575,179855,184933,185477,t,ct_killed,183316,bombsite_b,FaZe Clan,Eternal Fire,Eternal Fire,28500,14750,0,3,Full Buy,Semi-Buy,t,eternal-fire-vs-faze-m2-nuke.dem
25,185477,186757,192983,193303,ct,t_killed,,not_planted,FaZe Clan,Eternal Fire,FaZe Clan,29550,25700,1,1,Full Buy,Full Buy,t,eternal-fire-vs-faze-m2-nuke.dem
26,193303,194583,199862,200182,t,ct_killed,,not_planted,FaZe Clan,Eternal Fire,Eternal Fire,30150,27750,0,2,Full Buy,Full Buy,ct,eternal-fire-vs-faze-m2-nuke.dem
27,200182,203544,208357,208901,ct,t_killed,,not_planted,FaZe Clan,Eternal Fire,FaZe Clan,32050,26500,1,0,Full Buy,Full Buy,t,eternal-fire-vs-faze-m2-nuke.dem
28,208901,212438,218083,218403,ct,t_killed,,not_planted,Eternal Fire,FaZe Clan,Eternal Fire,31250,25200,1,1,Full Buy,Full Buy,t,eternal-fire-vs-faze-m2-nuke.dem
29,218403,219683,225994,226314,ct,t_killed,,not_planted,Eternal Fire,FaZe Clan,Eternal Fire,30850,25200,0,2,Full Buy,Full Buy,ct,eternal-fire-vs-faze-m2-nuke.dem
30,226314,227594,234531,235075,t,ct_killed,232397,bombsite_b,Eternal Fire,FaZe Clan,FaZe Clan,33500,28050,0,3,Full Buy,Full Buy,ct,eternal-fire-vs-faze-m2-nuke.dem
31,235075,236355,239115,239435,ct,t_killed,,not_planted,Eternal Fire,FaZe Clan,Eternal Fire,30850,25300,1,1,Full Buy,Full Buy,ct,eternal-fire-vs-faze-m2-nuke.dem
32,239435,243098,249066,249386,t,bomb_exploded,246442,bombsite_b,Eternal Fire,FaZe Clan,FaZe Clan,31050,27650,0,2,Full Buy,Full Buy,t,eternal-fire-vs-faze-m2-nuke.dem
33,249386,250666,253329,253873,ct,t_killed,,not_planted,Eternal Fire,FaZe Clan,Eternal Fire,31150,28150,1,0,Full Buy,Full Buy,ct,eternal-fire-vs-faze-m2-nuke.dem
34,253873,255153,261000,261320,ct,t_killed,,not_planted,FaZe Clan,Eternal Fire,FaZe Clan,30350,25400,1,1,Full Buy,Full Buy,ct,eternal-fire-vs-faze-m2-nuke.dem
35,261320,262600,271287,271607,ct,bomb_defused,268980,bombsite_b,FaZe Clan,Eternal Fire,FaZe Clan,30950,26000,0,2,Full Buy,Full Buy,ct,eternal-fire-vs-faze-m2-nuke.dem
36,271607,274902,280358,280902,t,ct_killed,,not_planted,FaZe Clan,Eternal Fire,Eternal Fire,31550,25900,0,3,Full Buy,Full Buy,t,eternal-fire-vs-faze-m2-nuke.dem
37,280902,284806,294410,294730,t,bomb_exploded,291786,bombsite_b,FaZe Clan,Eternal Fire,Eternal Fire,30450,27650,1,1,Full Buy,Full Buy,ct,eternal-fire-vs-faze-m2-nuke.dem
38,294730,296010,301716,302036,ct,t_killed,,not_planted,FaZe Clan,Eternal Fire,FaZe Clan,30550,27850,2,0,Full Buy,Full Buy,ct,eternal-fire-vs-faze-m2-nuke.dem
39,302036,303316,309823,310367,t,ct_killed,,not_planted,FaZe Clan,Eternal Fire,Eternal Fire,32400,25800,0,1,Full Buy,Full Buy,ct,eternal-fire-vs-faze-m2-nuke.dem
40,310367,313826,320250,320570,t,ct_killed,320172,bombsite_b,Eternal Fire,FaZe Clan,FaZe Clan,30750,25000,1,1,Full Buy,Full Buy,t,eternal-fire-vs-faze-m2-nuke.dem
41,320570,321850,326111,326431,t,ct_killed,325691,bombsite_b,Eternal Fire,FaZe Clan,FaZe Clan,29750,25200,2,0,Full Buy,Full Buy,t,eternal-fire-vs-faze-m2-nuke.dem
42,326431,327711,332321,332865,ct,t_killed,,not_planted,Eternal Fire,FaZe Clan,Eternal Fire,26650,28150,3,0,Full Buy,Full Buy,ct,eternal-fire-vs-faze-m2-nuke.dem
43,332865,334145,338632,338952,ct,bomb_defused,336542,bombsite_b,Eternal Fire,FaZe Clan,Eternal Fire,30850,25300,1,1,Full Buy,Full Buy,ct,eternal-fire-vs-faze-m2-nuke.dem
44,338952,340232,344100,344420,ct,t_killed,,not_planted,Eternal Fire,FaZe Clan,Eternal Fire,30350,27950,0,2,Full Buy,Full Buy,ct,eternal-fire-vs-faze-m2-nuke.dem
45,344420,347998,352417,352961,ct,t_killed,,not_planted,Eternal Fire,FaZe Clan,Eternal Fire,30650,25800,0,3,Full Buy,Full Buy,ct,eternal-fire-vs-faze-m2-nuke.dem
46,352961,354241,360677,360997,ct,t_killed,,not_planted,FaZe Clan,Eternal Fire,FaZe Clan,30850,27750,1,1,Full Buy,Full Buy,ct,eternal-fire-vs-faze-m2-nuke.dem
47,360997,364624,369813,369813,t,ct_killed,368394,bombsite_b,FaZe Clan,Eternal Fire,Eternal Fire,31250,27750,0,2,Full Buy,Full Buy,t,eternal-fire-vs-faze-m2-nuke.dem
1,1,1267,5885,6205,t,ct_killed,,not_planted,Eternal Fire,Virtus.pro,Virtus.pro,4000,4100,0,0,Pistol,Pistol,t,eternal-fire-vs-virtus-pro-m1-anubis.dem
2,6205,7485,13112,13432,t,bomb_exploded,10488,bombsite_b,Eternal Fire,Virtus.pro,Virtus.pro,1800,18800,2,0,Full Eco,Semi-Buy,ct,eternal-fire-vs-virtus-pro-m1-anubis.dem
3,13432,14712,22084,22404,ct,bomb_defused,19678,bombsite_b,Eternal Fire,Virtus.pro,Eternal Fire,22800,20500,3,0,Full Buy,Full Buy,t,eternal-fire-vs-virtus-pro-m1-anubis.dem
4,22404,23684,31837,32157,t,bomb_exploded,29213,bombsite_b,Eternal Fire,Virtus.pro,Virtus.pro,28100,26250,1,1,Full Buy,Full Buy,t,eternal-fire-vs-virtus-pro-m1-anubis.dem
5,32157,33437,37645,37965,t,ct_killed,,not_planted,Eternal Fire,Virtus.pro,Virtus.pro,21550,27350,2,0,Full Buy,Full Buy,ct,eternal-fire-vs-virtus-pro-m1-anubis.dem
6,37965,39245,46605,46925,ct,time_ran_out,,not_planted,Eternal Fire,Virtus.pro,Eternal Fire,4400,24150,3,0,Full Eco,Full Buy,t,eternal-fire-vs-virtus-pro-m1-anubis.dem
7,46925,48205,54001,54321,ct,t_killed,,not_planted,Eternal Fire,Virtus.pro,Eternal Fire,31150,19800,1,1,Full Buy,Semi-Buy,t,eternal-fire-vs-virtus-pro-m1-anubis.dem
8,54321,57923,61125,61445,ct,t_killed,,not_planted,Eternal Fire,Virtus.pro,Eternal Fire,30450,1500,0,2,Full Buy,Full Eco,ct,eternal-fire-vs-virtus-pro-m1-anubis.dem
9,61445,62725,70085,70405,ct,time_ran_out,,not_planted,Eternal Fire,Virtus.pro,Eternal Fire,30450,23850,0,3,Full Buy,Full Buy,t,eternal-fire-vs-virtus-pro-m1-anubis.dem
10,70405,71685,79049,79369,t,bomb_exploded,76425,bombsite_b,Eternal Fire,Virtus.pro,Virtus.pro,30150,12550,0,4,Full Buy,Semi-Buy,ct,eternal-fire-vs-virtus-pro-m1-anubis.dem
11,79369,82687,91350,91670,ct,bomb_defused,89582,bombsite_b,Eternal Fire,Virtus.pro,Eternal Fire,32800,27750,1,2,Full Buy,Full Buy,t,eternal-fire-vs-virtus-pro-m1-anubis.dem
12,91670,92950,100942,101486,t,ct_killed,99685,bombsite_b,Eternal Fire,Virtus.pro,Virtus.pro,31350,26200,0,3,Full Buy,Full Buy,ct,eternal-fire-vs-virtus-pro-m1-anubis.dem
13,101486,116921,121239,121559,t,ct_killed,119860,bombsite_b,Virtus.pro,Eternal Fire,Eternal Fire,4200,3650,1,1,Pistol,Pistol,t,eternal-fire-vs-virtus-pro-m1-anubis.dem
14,121559,122839,129616,129936,t,ct_killed,128083,bombsite_b,Virtus.pro,Eternal Fire,Eternal Fire,1400,18750,2,0,Full Eco,Semi-Buy,t,eternal-fire-vs-virtus-pro-m1-anubis.dem
15,129936,131216,138576,138896,ct,time_ran_out,,not_planted,Virtus.pro,Eternal Fire,Virtus.pro,24050,21900,3,0,Full Buy,Full Buy,ct,eternal-fire-vs-virtus-pro-m1-anubis.dem
16,138896,140176,145901,146221,t,bomb_exploded,143277,bombsite_b,Virtus.pro,Eternal Fire,Eternal Fire,28950,22200,1,1,Full Buy,Full Buy,ct,eternal-fire-vs-virtus-pro-m1-anubis.dem
17,146221,150203,156317,156637,t,bomb_exploded,153693,bombsite_b,Virtus.pro,Eternal Fire,Eternal Fire,8750,26100,2,0,Semi-Eco,Full Buy,t,eternal-fire-vs-virtus-pro-m1-anubis.dem
18,156637,157917,164009,164329,t,ct_killed,163726,bombsite_b,Virtus.pro,Eternal Fire,Eternal Fire,26150,26400,3,0,Full Buy,Full Buy,ct,eternal-fire-vs-virtus-pro-m1-anubis.dem
19,164329,165609,173684,174004,t,bomb_exploded,171060,bombsite_b,Virtus.pro,Eternal Fire,Eternal Fire,12350,27750,4,0,Semi-Buy,Full Buy,ct,eternal-fire-vs-virtus-pro-m1-anubis.dem
20,174004,178261,185574,185894,ct,bomb_defused,184410,bombsite_b,Virtus.pro,Eternal Fire,Virtus.pro,24750,27750,5,0,Full Buy,Full Buy,ct,eternal-fire-vs-virtus-pro-m1-anubis.dem
21,185894,187174,193884,194204,ct,t_killed,,not_planted,Virtus.pro,Eternal Fire,Virtus.pro,29750,27750,3,1,Full Buy,Full Buy,ct,eternal-fire-vs-virtus-pro-m1-anubis.dem
22,194204,195484,200828,200828,t,ct_killed,198489,bombsite_b,Virtus.pro,Eternal Fire,Eternal Fire,30950,11400,2,2,Full Buy,Semi-Buy,t,eternal-fire-vs-virtus-pro-m1-anubis.dem
1,1,1268,4194,4514,ct,t_killed,,not_planted,Eternal Fire,Virtus.pro,Eternal Fire,4400,4250,0,0,Pistol,Pistol,t,eternal-fire-vs-virtus-pro-m2-dust2-p1.dem
2,4514,5794,11398,11718,ct,t_killed,,not_planted,Eternal Fire,Virtus.pro,Eternal Fire,21250,1300,0,2,Full Buy,Full Eco,ct,eternal-fire-vs-virtus-pro-m2-dust2-p1.dem
3,11718,12998,21474,21794,ct,bomb_defused,19963,bombsite_b,Eternal Fire,Virtus.pro,Eternal Fire,25200,22750,0,3,Full Buy,Full Buy,t,eternal-fire-vs-virtus-pro-m2-dust2-p1.dem
4,21794,23074,29491,29811,t,ct_killed,27804,bombsite_b,Eternal Fire,Virtus.pro,Virtus.pro,29950,8750,0,4,Full Buy,Semi-Eco,t,eternal-fire-vs-virtus-pro-m2-dust2-p1.dem
1,7,2371,9762,10082,t,ct_killed,7773,bombsite_b,Eternal Fire,Virtus.pro,Virtus.pro,17200,27450,0,0,Pistol,Pistol,t,eternal-fire-vs-virtus-pro-m2-dust2-p2.dem
2,10082,11362,13702,14022,t,ct_killed,,not_planted,Eternal Fire,Virtus.pro,Virtus.pro,1200,27000,2,1,Full Eco,Full Buy,ct,eternal-fire-vs-virtus-pro-m2-dust2-p2.dem
3,14022,15302,22802,23122,t,bomb_exploded,20178,bombsite_b,Eternal Fire,Virtus.pro,Virtus.pro,23400,27150,3,0,Full Buy,Full Buy,t,eternal-fire-vs-virtus-pro-m2-dust2-p2.dem
4,23122,24402,31762,32082,ct,time_ran_out,,not_planted,Eternal Fire,Virtus.pro,Eternal Fire,25800,27350,4,0,Full Buy,Full Buy,t,eternal-fire-vs-virtus-pro-m2-dust2-p2.dem
5,32082,35412,42420,42740,ct,bomb_defused,41809,bombsite_b,Eternal Fire,Virtus.pro,Eternal Fire,27200,26200,2,1,Full Buy,Full Buy,ct,eternal-fire-vs-virtus-pro-m2-dust2-p2.dem
6,42740,46530,55544,55864,t,bomb_exploded,52920,bombsite_b,Eternal Fire,Virtus.pro,Virtus.pro,29150,20100,1,2,Full Buy,Full Buy,t,eternal-fire-vs-virtus-pro-m2-dust2-p2.dem
7,55864,59510,64022,64342,ct,t_killed,,not_planted,Eternal Fire,Virtus.pro,Eternal Fire,28300,25800,2,0,Full Buy,Full Buy,t,eternal-fire-vs-virtus-pro-m2-dust2-p2.dem
8,64342,65622,71718,72262,ct,bomb_defused,69726,bombsite_b,Eternal Fire,Virtus.pro,Eternal Fire,29950,14550,0,1,Full Buy,Semi-Buy,ct,eternal-fire-vs-virtus-pro-m2-dust2-p2.dem
9,72262,86133,88107,88427,ct,t_killed,,not_planted,Virtus.pro,Eternal Fire,Virtus.pro,4200,4250,1,1,Full Eco,Full Eco,t,eternal-fire-vs-virtus-pro-m2-dust2-p2.dem
10,88427,89707,95983,96303,ct,t_killed,,not_planted,Virtus.pro,Eternal Fire,Virtus.pro,18800,1500,0,2,Semi-Buy,Full Eco,ct,eternal-fire-vs-virtus-pro-m2-dust2-p2.dem
11,96303,97583,105799,106119,ct,bomb_defused,103330,bombsite_b,Virtus.pro,Eternal Fire,Virtus.pro,23200,22200,0,3,Full Buy,Full Buy,t,eternal-fire-vs-virtus-pro-m2-dust2-p2.dem
12,106119,107399,114622,114942,ct,bomb_defused,112267,bombsite_b,Virtus.pro,Eternal Fire,Virtus.pro,29950,14750,0,4,Full Buy,Semi-Buy,ct,eternal-fire-vs-virtus-pro-m2-dust2-p2.dem
13,114942,116222,123582,123902,ct,time_ran_out,,not_planted,Virtus.pro,Eternal Fire,Virtus.pro,29100,26650,0,5,Pistol,Pistol,t,eternal-fire-vs-virtus-pro-m2-dust2-p2.dem
14,123902,127654,136706,137026,t,bomb_exploded,134082,bombsite_b,Virtus.pro,Eternal Fire,Eternal Fire,30050,15700,0,6,Full Buy,Semi-Buy,t,eternal-fire-vs-virtus-pro-m2-dust2-p2.dem
15,137026,138306,146472,146792,t,ct_killed,144111,bombsite_b,Virtus.pro,Eternal Fire,Eternal Fire,21750,26650,1,3,Full Buy,Full Buy,ct,eternal-fire-vs-virtus-pro-m2-dust2-p2.dem
16,146792,148072,154741,155061,t,bomb_exploded,152117,bombsite_b,Virtus.pro,Eternal Fire,Eternal Fire,1000,27550,2,2,Full Eco,Full Buy,ct,eternal-fire-vs-virtus-pro-m2-dust2-p2.dem
17,155061,156341,162036,162356,ct,t_killed,,not_planted,Virtus.pro,Eternal Fire,Virtus.pro,24150,27450,3,1,Full Buy,Full Buy,t,eternal-fire-vs-virtus-pro-m2-dust2-p2.dem
18,162356,166264,173030,173350,ct,t_killed,,not_planted,Virtus.pro,Eternal Fire,Virtus.pro,27150,27350,1,2,Full Buy,Full Buy,ct,eternal-fire-vs-virtus-pro-m2-dust2-p2.dem
19,173350,174630,180260,180260,ct,t_killed,,not_planted,Virtus.pro,Eternal Fire,Virtus.pro,30450,21000,0,3,Full Buy,Full Buy,ct,eternal-fire-vs-virtus-pro-m2-dust2-p2.dem
1,1,1265,8390,8710,t,bomb_exploded,5766,bombsite_b,Virtus.pro,Eternal Fire,Eternal Fire,4200,4350,0,0,Pistol,Pistol,t,eternal-fire-vs-virtus-pro-m3-train-p3.dem
2,8710,9990,14727,15047,t,bomb_exploded,12103,bombsite_b,Virtus.pro,Eternal Fire,Eternal Fire,12000,20250,2,0,Semi-Buy,Full Buy,ct,eternal-fire-vs-virtus-pro-m3-train-p3.dem
3,15047,16327,23687,24007,ct,time_ran_out,,not_planted,Virtus.pro,Eternal Fire,Virtus.pro,17800,20250,3,0,Semi-Buy,Full Buy,t,eternal-fire-vs-virtus-pro-m3-train-p3.dem
4,24007,25287,31583,31903,ct,bomb_defused,29765,bombsite_b,Virtus.pro,Eternal Fire,Virtus.pro,24800,10100,1,1,Full Buy,Semi-Buy,t,eternal-fire-vs-virtus-pro-m3-train-p3.dem
5,31903,33183,35966,36286,ct,t_killed,,not_planted,Virtus.pro,Eternal Fire,Virtus.pro,28350,2800,0,2,Full Buy,Full Eco,ct,eternal-fire-vs-virtus-pro-m3-train-p3.dem
6,36286,37566,45232,45552,t,bomb_exploded,42608,bombsite_b,Virtus.pro,Eternal Fire,Eternal Fire,29650,24050,0,3,Full Buy,Full Buy,t,eternal-fire-vs-virtus-pro-m3-train-p3.dem
7,45552,46832,54701,55021,ct,bomb_defused,52316,bombsite_b,Virtus.pro,Eternal Fire,Virtus.pro,30550,27550,1,1,Full Buy,Full Buy,t,eternal-fire-vs-virtus-pro-m3-train-p3.dem
8,55021,59076,64010,64330,t,bomb_exploded,61386,bombsite_b,Virtus.pro,Eternal Fire,Eternal Fire,30350,24900,0,2,Full Buy,Full Buy,ct,eternal-fire-vs-virtus-pro-m3-train-p3.dem
9,64330,65610,73874,74194,t,bomb_exploded,71250,bombsite_b,Virtus.pro,Eternal Fire,Eternal Fire,25400,27150,1,0,Full Buy,Full Buy,t,eternal-fire-vs-virtus-pro-m3-train-p3.dem
10,74194,75474,80624,80944,ct,t_killed,,not_planted,Virtus.pro,Eternal Fire,Virtus.pro,26200,27350,2,0,Full Buy,Full Buy,ct,eternal-fire-vs-virtus-pro-m3-train-p3.dem
11,80944,82224,88112,88432,t,ct_killed,86174,bombsite_b,Virtus.pro,Eternal Fire,Eternal Fire,30000,24550,0,1,Full Buy,Full Buy,t,eternal-fire-vs-virtus-pro-m3-train-p3.dem
12,88432,89712,97243,97787,ct,bomb_defused,96706,bombsite_b,Virtus.pro,Eternal Fire,Virtus.pro,13550,27300,1,0,Semi-Buy,Full Buy,ct,eternal-fire-vs-virtus-pro-m3-train-p3.dem
13,97787,111198,114072,114392,t,ct_killed,113106,bombsite_b,Eternal Fire,Virtus.pro,Virtus.pro,4000,4450,1,1,Pistol,Pistol,t,eternal-fire-vs-virtus-pro-m3-train-p3.dem
14,114392,115672,122946,123266,t,bomb_exploded,120322,bombsite_b,Eternal Fire,Virtus.pro,Virtus.pro,10700,20050,2,0,Semi-Buy,Full Buy,t,eternal-fire-vs-virtus-pro-m3-train-p3.dem
15,123266,124546,132085,132405,t,bomb_exploded,129461,bombsite_b,Eternal Fire,Virtus.pro,Virtus.pro,7600,23000,3,0,Semi-Eco,Full Buy,ct,eternal-fire-vs-virtus-pro-m3-train-p3.dem
16,132405,133685,139931,140251,t,ct_killed,137900,bombsite_b,Eternal Fire,Virtus.pro,Virtus.pro,25850,23900,4,0,Full Buy,Full Buy,ct,eternal-fire-vs-virtus-pro-m3-train-p3.dem
17,140251,143912,148757,149077,t,ct_killed,,not_planted,Eternal Fire,Virtus.pro,Virtus.pro,13850,27650,5,0,Semi-Buy,Full Buy,t,eternal-fire-vs-virtus-pro-m3-train-p3.dem
18,149077,150357,158963,159283,ct,bomb_defused,157054,bombsite_b,Eternal Fire,Virtus.pro,Eternal Fire,26400,25300,6,0,Full Buy,Full Buy,ct,eternal-fire-vs-virtus-pro-m3-train-p3.dem
19,159283,160563,166796,167116,t,ct_killed,164511,bombsite_b,Eternal Fire,Virtus.pro,Virtus.pro,27250,25200,3,1,Full Buy,Full Buy,ct,eternal-fire-vs-virtus-pro-m3-train-p3.dem
20,167116,168396,172558,172878,ct,t_killed,,not_planted,Eternal Fire,Virtus.pro,Eternal Fire,19150,25300,4,0,Semi-Buy,Full Buy,ct,eternal-fire-vs-virtus-pro-m3-train-p3.dem
21,172878,174158,180348,180668,ct,bomb_defused,179028,bombsite_b,Eternal Fire,Virtus.pro,Eternal Fire,28000,11650,2,1,Full Buy,Semi-Buy,ct,eternal-fire-vs-virtus-pro-m3-train-p3.dem
22,180668,181948,184918,185238,ct,t_killed,,not_planted,Eternal Fire,Virtus.pro,Eternal Fire,27400,24000,1,2,Full Buy,Full Buy,t,eternal-fire-vs-virtus-pro-m3-train-p3.dem
23,185238,186518,191204,191524,ct,t_killed,,not_planted,Eternal Fire,Virtus.pro,Eternal Fire,30350,6300,0,3,Full Buy,Semi-Eco,t,eternal-fire-vs-virtus-pro-m3-train-p3.dem
24,191524,192804,197418,197962,ct,t_killed,,not_planted,Eternal Fire,Virtus.pro,Eternal Fire,32500,24100,0,4,Full Buy,Full Buy,t,eternal-fire-vs-virtus-pro-m3-train-p3.dem
25,197962,199242,207737,208057,t,bomb_exploded,205113,bombsite_b,Eternal Fire,Virtus.pro,Virtus.pro,31150,27350,1,1,Full Buy,Full Buy,t,eternal-fire-vs-virtus-pro-m3-train-p3.dem
26,208057,209337,213809,214129,ct,t_killed,,not_planted,Eternal Fire,Virtus.pro,Eternal Fire,31700,27650,2,0,Full Buy,Full Buy,ct,eternal-fire-vs-virtus-pro-m3-train-p3.dem
27,214129,215409,220806,221350,t,ct_killed,219399,bombsite_b,Eternal Fire,Virtus.pro,Virtus.pro,31150,28050,0,1,Full Buy,Full Buy,t,eternal-fire-vs-virtus-pro-m3-train-p3.dem
28,221350,222630,226025,226345,ct,t_killed,,not_planted,Virtus.pro,Eternal Fire,Virtus.pro,30500,27550,1,1,Full Buy,Full Buy,t,eternal-fire-vs-virtus-pro-m3-train-p3.dem
29,226345,229818,237492,237492,ct,bomb_defused,237016,bombsite_b,Virtus.pro,Eternal Fire,Virtus.pro,31850,27450,0,2,Full Buy,Full Buy,ct,eternal-fire-vs-virtus-pro-m3-train-p3.dem
1,7,2486,8591,8911,ct,t_killed,,not_planted,Team Falcons,Eternal Fire,Team Falcons,4000,4800,0,0,Pistol,Pistol,t,falcons-vs-eternal-fire-m1-inferno.dem
2,8911,10191,16359,16679,t,ct_killed,15137,bombsite_b,Team Falcons,Eternal Fire,Eternal Fire,20250,9950,0,2,Full Buy,Semi-Eco,ct,falcons-vs-eternal-fire-m1-inferno.dem
3,16679,17959,26255,26575,t,bomb_exploded,23631,bombsite_b,Team Falcons,Eternal Fire,Eternal Fire,7500,22500,1,0,Semi-Eco,Full Buy,t,falcons-vs-eternal-fire-m1-inferno.dem
4,26575,27855,32006,32326,t,ct_killed,,not_planted,Team Falcons,Eternal Fire,Eternal Fire,1950,23150,2,0,Full Eco,Full Buy,t,falcons-vs-eternal-fire-m1-inferno.dem
5,32326,33606,38057,38377,ct,t_killed,,not_planted,Team Falcons,Eternal Fire,Team Falcons,23500,23450,3,0,Full Buy,Full Buy,ct,falcons-vs-eternal-fire-m1-inferno.dem
6,38377,39657,47336,47656,ct,bomb_defused,46389,bombsite_b,Team Falcons,Eternal Fire,Team Falcons,26450,25300,1,1,Full Buy,Full Buy,t,falcons-vs-eternal-fire-m1-inferno.dem
7,47656,48936,55361,55681,ct,t_killed,,not_planted,Team Falcons,Eternal Fire,Team Falcons,26750,25200,0,2,Full Buy,Full Buy,t,falcons-vs-eternal-fire-m1-inferno.dem
8,55681,59479,64766,65086,t,ct_killed,63689,bombsite_b,Team Falcons,Eternal Fire,Eternal Fire,27800,9900,0,3,Full Buy,Semi-Eco,ct,falcons-vs-eternal-fire-m1-inferno.dem
9,65086,68949,73431,73751,t,ct_killed,,not_planted,Team Falcons,Eternal Fire,Eternal Fire,19850,26100,1,1,Semi-Buy,Full Buy,t,falcons-vs-eternal-fire-m1-inferno.dem
10,73751,75031,82251,82571,t,bomb_exploded,79627,bombsite_b,Team Falcons,Eternal Fire,Eternal Fire,11400,25500,2,0,Semi-Buy,Full Buy,ct,falcons-vs-eternal-fire-m1-inferno.dem
11,82571,83851,86152,86472,t,ct_killed,86050,bombsite_b,Team Falcons,Eternal Fire,Eternal Fire,7200,25300,3,0,Semi-Eco,Full Buy,t,falcons-vs-eternal-fire-m1-inferno.dem
12,86472,87752,95297,95841,t,ct_killed,93320,bombsite_b,Team Falcons,Eternal Fire,Eternal Fire,25850,26100,4,0,Full Buy,Full Buy,ct,falcons-vs-eternal-fire-m1-inferno.dem
13,95841,110104,115167,115487,t,ct_killed,113963,bombsite_b,Eternal Fire,Team Falcons,Team Falcons,4150,4750,1,1,Pistol,Pistol,t,falcons-vs-eternal-fire-m1-inferno.dem
14,115487,116767,121379,121699,ct,bomb_defused,119853,bombsite_b,Eternal Fire,Team Falcons,Eternal Fire,11150,19600,2,0,Semi-Buy,Semi-Buy,t,falcons-vs-eternal-fire-m1-inferno.dem
15,121699,122979,129646,129966,ct,bomb_defused,128497,bombsite_b,Eternal Fire,Team Falcons,Eternal Fire,25300,11650,0,1,Full Buy,Semi-Buy,ct,falcons-vs-eternal-fire-m1-inferno.dem
16,129966,131246,137840,138160,ct,t_killed,,not_planted,Eternal Fire,Team Falcons,Eternal Fire,25300,15600,0,2,Full Buy,Semi-Buy,ct,falcons-vs-eternal-fire-m1-inferno.dem
17,138160,139440,145817,146137,ct,t_killed,,not_planted,Eternal Fire,Team Falcons,Eternal Fire,27500,3400,0,3,Full Buy,Full Eco,t,falcons-vs-eternal-fire-m1-inferno.dem
18,146137,147417,153389,153709,t,bomb_exploded,150765,bombsite_b,Eternal Fire,Team Falcons,Team Falcons,30050,25000,0,4,Full Buy,Full Buy,ct,falcons-vs-eternal-fire-m1-inferno.dem
19,153709,154989,161073,161393,t,bomb_exploded,158449,bombsite_b,Eternal Fire,Team Falcons,Team Falcons,25550,27750,1,2,Full Buy,Full Buy,ct,falcons-vs-eternal-fire-m1-inferno.dem
20,161393,164947,170594,170594,ct,t_killed,,not_planted,Eternal Fire,Team Falcons,Eternal Fire,14800,27850,2,1,Semi-Buy,Full Buy,ct,falcons-vs-eternal-fire-m1-inferno.dem
1,1,1264,9244,9564,ct,bomb_defused,8365,bombsite_b,Eternal Fire,Team Falcons,Eternal Fire,4400,4200,0,0,Pistol,Pistol,t,falcons-vs-eternal-fire-m2-train.dem
2,9564,10844,16290,16610,t,bomb_exploded,13666,bombsite_b,Eternal Fire,Team Falcons,Team Falcons,20400,15100,0,2,Full Buy,Semi-Buy,ct,falcons-vs-eternal-fire-m2-train.dem
3,16610,17890,25541,25861,ct,bomb_defused,24285,bombsite_b,Eternal Fire,Team Falcons,Eternal Fire,9850,24750,1,0,Semi-Eco,Full Buy,t,falcons-vs-eternal-fire-m2-train.dem
4,25861,27141,31962,32282,ct,t_killed,,not_planted,Eternal Fire,Team Falcons,Eternal Fire,24350,21850,0,1,Full Buy,Full Buy,t,falcons-vs-eternal-fire-m2-train.dem
5,32282,33562,38850,39170,ct,bomb_defused,38267,bombsite_b,Eternal Fire,Team Falcons,Eternal Fire,30650,1500,0,2,Full Buy,Full Eco,ct,falcons-vs-eternal-fire-m2-train.dem
6,39170,40450,47514,47834,ct,bomb_defused,45119,bombsite_b,Eternal Fire,Team Falcons,Eternal Fire,31050,25200,0,3,Full Buy,Full Buy,t,falcons-vs-eternal-fire-m2-train.dem
7,47834,49114,52713,53033,ct,t_killed,,not_planted,Eternal Fire,Team Falcons,Eternal Fire,30850,10850,0,4,Full Buy,Semi-Buy,t,falcons-vs-eternal-fire-m2-train.dem
8,53033,56821,63712,64032,t,ct_killed,62988,bombsite_b,Eternal Fire,Team Falcons,Team Falcons,31050,25000,0,5,Full Buy,Full Buy,ct,falcons-vs-eternal-fire-m2-train.dem
9,64032,67609,74771,75091,ct,t_killed,,not_planted,Eternal Fire,Team Falcons,Eternal Fire,30750,27250,1,3,Full Buy,Full Buy,t,falcons-vs-eternal-fire-m2-train.dem
10,75091,76371,81630,81950,ct,bomb_defused,79836,bombsite_b,Eternal Fire,Team Falcons,Eternal Fire,30550,25250,0,4,Full Buy,Full Buy,ct,falcons-vs-eternal-fire-m2-train.dem
11,81950,83230,84438,84758,ct,t_killed,,not_planted,Eternal Fire,Team Falcons,Eternal Fire,30250,23100,0,5,Full Buy,Full Buy,t,falcons-vs-eternal-fire-m2-train.dem
12,84758,86038,92900,93444,t,ct_killed,91357,bombsite_b,Eternal Fire,Team Falcons,Team Falcons,31050,20900,0,6,Full Buy,Full Buy,ct,falcons-vs-eternal-fire-m2-train.dem
13,93444,107714,110290,110610,t,ct_killed,,not_planted,Team Falcons,Eternal Fire,Eternal Fire,4750,4450,1,1,Pistol,Pistol,t,falcons-vs-eternal-fire-m2-train.dem
14,110610,111890,118693,119013,t,ct_killed,117343,bombsite_b,Team Falcons,Eternal Fire,Eternal Fire,10700,19100,2,0,Semi-Buy,Semi-Buy,t,falcons-vs-eternal-fire-m2-train.dem
15,119013,120293,125552,125872,t,ct_killed,,not_planted,Team Falcons,Eternal Fire,Eternal Fire,1900,22650,3,0,Full Eco,Full Buy,ct,falcons-vs-eternal-fire-m2-train.dem
16,125872,127152,131697,132017,ct,t_killed,,not_planted,Team Falcons,Eternal Fire,Team Falcons,26850,24550,4,0,Full Buy,Full Buy,ct,falcons-vs-eternal-fire-m2-train.dem
17,132017,133297,140657,140977,ct,time_ran_out,,not_planted,Team Falcons,Eternal Fire,Team Falcons,29250,25200,2,1,Full Buy,Full Buy,t,falcons-vs-eternal-fire-m2-train.dem
18,140977,144333,150508,150508,t,ct_killed,149638,bombsite_b,Team Falcons,Eternal Fire,Eternal Fire,29900,19400,1,2,Full Buy,Semi-Buy,ct,falcons-vs-eternal-fire-m2-train.dem
1,1,1267,5160,5480,t,ct_killed,3388,bombsite_b,G2 Esports,Team Falcons,Team Falcons,4650,4350,0,0,Pistol,Pistol,t,falcons-vs-g2-m1-ancient.dem
2,5480,12760,17570,17890,t,ct_killed,16555,bombsite_b,G2 Esports,Team Falcons,Team Falcons,9550,19250,2,0,Semi-Eco,Semi-Buy,ct,falcons-vs-g2-m1-ancient.dem
3,17890,19170,25013,25333,t,ct_killed,23312,bombsite_b,G2 Esports,Team Falcons,Team Falcons,3200,21800,3,0,Full Eco,Full Buy,t,falcons-vs-g2-m1-ancient.dem
4,25333,26613,32255,32575,ct,t_killed,,not_planted,G2 Esports,Team Falcons,G2 Esports,26500,24400,4,0,Full Buy,Full Buy,t,falcons-vs-g2-m1-ancient.dem
5,32575,33855,40452,40772,ct,t_killed,,not_planted,G2 Esports,Team Falcons,G2 Esports,28200,15800,2,1,Full Buy,Semi-Buy,ct,falcons-vs-g2-m1-ancient.dem
6,40772,42052,46571,46891,ct,t_killed,,not_planted,G2 Esports,Team Falcons,G2 Esports,27300,1000,1,2,Full Buy,Full Eco,t,falcons-vs-g2-m1-ancient.dem
7,46891,48171,56842,57162,t,ct_killed,55178,bombsite_b,G2 Esports,Team Falcons,Team Falcons,28200,22400,0,3,Full Buy,Full Buy,t,falcons-vs-g2-m1-ancient.dem
8,57162,58442,61329,61649,ct,bomb_defused,60459,bombsite_b,G2 Esports,Team Falcons,G2 Esports,28000,21850,1,1,Full Buy,Full Buy,ct,falcons-vs-g2-m1-ancient.dem
9,61649,62929,68709,69029,t,ct_killed,66922,bombsite_b,G2 Esports,Team Falcons,Team Falcons,29500,19350,0,2,Full Buy,Semi-Buy,t,falcons-vs-g2-m1-ancient.dem
10,69029,72454,80969,81289,t,bomb_exploded,78345,bombsite_b,G2 Esports,Team Falcons,Team Falcons,19050,27350,1,0,Semi-Buy,Full Buy,ct,falcons-vs-g2-m1-ancient.dem
11,81289,82569,89293,89613,t,ct_killed,87595,bombsite_b,G2 Esports,Team Falcons,Team Falcons,5600,28050,2,0,Semi-Eco,Full Buy,t,falcons-vs-g2-m1-ancient.dem
12,89613,90893,96657,97201,ct,t_killed,,not_planted,G2 Esports,Team Falcons,G2 Esports,23000,26600,3,0,Full Buy,Full Buy,ct,falcons-vs-g2-m1-ancient.dem
13,97201,111378,114985,115305,t,ct_killed,114894,bombsite_b,Team Falcons,G2 Esports,G2 Esports,4500,4850,1,1,Pistol,Pistol,t,falcons-vs-g2-m1-ancient.dem
14,115305,116585,122626,122946,t,bomb_exploded,120002,bombsite_b,Team Falcons,G2 Esports,G2 Esports,9800,19950,2,0,Semi-Eco,Semi-Buy,t,falcons-vs-g2-m1-ancient.dem
15,122946,124226,128764,129084,t,ct_killed,,not_planted,Team Falcons,G2 Esports,G2 Esports,4500,24400,3,0,Full Eco,Full Buy,ct,falcons-vs-g2-m1-ancient.dem
16,129084,130364,137724,138044,ct,time_ran_out,,not_planted,Team Falcons,G2 Esports,Team Falcons,26650,25100,4,0,Full Buy,Full Buy,ct,falcons-vs-g2-m1-ancient.dem
17,138044,139324,146461,146781,t,ct_killed,145553,bombsite_b,Team Falcons,G2 Esports,G2 Esports,28400,26350,2,1,Full Buy,Full Buy,t,falcons-vs-g2-m1-ancient.dem
18,146781,150310,152704,153024,ct,t_killed,,not_planted,Team Falcons,G2 Esports,Team Falcons,25400,25200,3,0,Full Buy,Full Buy,ct,falcons-vs-g2-m1-ancient.dem
19,153024,154304,162164,162484,t,ct_killed,161131,bombsite_b,Team Falcons,G2 Esports,G2 Esports,28800,10750,1,1,Full Buy,Semi-Buy,ct,falcons-vs-g2-m1-ancient.dem
20,162484,165886,173851,174171,t,ct_killed,172096,bombsite_b,Team Falcons,G2 Esports,G2 Esports,21500,23650,2,0,Full Buy,Full Buy,ct,falcons-vs-g2-m1-ancient.dem
21,174171,175451,178563,178883,t,ct_killed,178396,bombsite_b,Team Falcons,G2 Esports,G2 Esports,3350,24350,3,0,Full Eco,Full Buy,ct,falcons-vs-g2-m1-ancient.dem
22,178883,182142,186767,186767,t,ct_killed,185221,bombsite_b,Team Falcons,G2 Esports,G2 Esports,25050,26050,4,0,Full Buy,Full Buy,t,falcons-vs-g2-m1-ancient.dem
1,1,1266,6565,6885,ct,t_killed,,not_planted,Team Falcons,G2 Esports,Team Falcons,4200,5050,0,0,Pistol,Pistol,t,falcons-vs-g2-m2-dust2.dem
2,6885,8165,14128,14448,ct,t_killed,,not_planted,Team Falcons,G2 Esports,Team Falcons,21100,1500,0,2,Full Buy,Full Eco,ct,falcons-vs-g2-m2-dust2.dem
3,14448,15728,23640,23960,ct,bomb_defused,22593,bombsite_b,Team Falcons,G2 Esports,Team Falcons,24900,21500,0,3,Full Buy,Full Buy,t,falcons-vs-g2-m2-dust2.dem
4,23960,25240,31287,31607,t,ct_killed,29961,bombsite_b,Team Falcons,G2 Esports,G2 Esports,29950,7000,0,4,Full Buy,Semi-Eco,t,falcons-vs-g2-m2-dust2.dem
5,31607,32887,40247,40567,ct,time_ran_out,,not_planted,Team Falcons,G2 Esports,Team Falcons,22450,28750,1,2,Full Buy,Full Buy,ct,falcons-vs-g2-m2-dust2.dem
6,40567,41847,46637,46957,t,bomb_exploded,44013,bombsite_b,Team Falcons,G2 Esports,G2 Esports,29500,23700,0,3,Full Buy,Full Buy,t,falcons-vs-g2-m2-dust2.dem
7,46957,48237,55597,55917,ct,time_ran_out,,not_planted,Team Falcons,G2 Esports,Team Falcons,28650,27700,1,1,Full Buy,Full Buy,t,falcons-vs-g2-m2-dust2.dem
8,55917,57197,63114,63434,ct,t_killed,,not_planted,Team Falcons,G2 Esports,Team Falcons,29750,24400,0,2,Full Buy,Full Buy,ct,falcons-vs-g2-m2-dust2.dem
9,63434,66669,72520,72840,t,ct_killed,,not_planted,Team Falcons,G2 Esports,G2 Esports,29550,6600,0,3,Full Buy,Semi-Eco,t,falcons-vs-g2-m2-dust2.dem
10,72840,74120,82467,82787,ct,bomb_defused,80775,bombsite_b,Team Falcons,G2 Esports,Team Falcons,28100,27100,1,1,Full Buy,Full Buy,ct,falcons-vs-g2-m2-dust2.dem
11,82787,84067,91427,91747,ct,time_ran_out,,not_planted,Team Falcons,G2 Esports,Team Falcons,29750,21850,0,2,Full Buy,Full Buy,t,falcons-vs-g2-m2-dust2.dem
12,91747,93027,98052,98596,ct,t_killed,,not_planted,Team Falcons,G2 Esports,Team Falcons,31150,19550,0,3,Full Buy,Semi-Buy,ct,falcons-vs-g2-m2-dust2.dem
13,98596,113330,117144,117464,t,ct_killed,116463,bombsite_b,G2 Esports,Team Falcons,Team Falcons,4400,4250,1,1,Pistol,Pistol,t,falcons-vs-g2-m2-dust2.dem
14,117464,121733,128417,128737,t,ct_killed,127047,bombsite_b,G2 Esports,Team Falcons,Team Falcons,10950,19200,2,0,Semi-Buy,Semi-Buy,t,falcons-vs-g2-m2-dust2.dem
15,128737,132451,138109,138429,t,ct_killed,,not_planted,G2 Esports,Team Falcons,Team Falcons,13550,22800,3,0,Semi-Buy,Full Buy,ct,falcons-vs-g2-m2-dust2.dem
16,138429,139709,143959,144279,ct,t_killed,,not_planted,G2 Esports,Team Falcons,G2 Esports,15550,26300,4,0,Semi-Buy,Full Buy,ct,falcons-vs-g2-m2-dust2.dem
17,144279,145559,152028,152348,ct,t_killed,,not_planted,G2 Esports,Team Falcons,G2 Esports,26050,26100,2,1,Full Buy,Full Buy,t,falcons-vs-g2-m2-dust2.dem
18,152348,153628,158391,158711,ct,t_killed,,not_planted,G2 Esports,Team Falcons,G2 Esports,30050,1000,1,2,Full Buy,Full Eco,ct,falcons-vs-g2-m2-dust2.dem
19,158711,159991,167351,167671,ct,time_ran_out,,not_planted,G2 Esports,Team Falcons,G2 Esports,29950,24150,0,3,Full Buy,Full Buy,ct,falcons-vs-g2-m2-dust2.dem
20,167671,171307,179475,179475,t,ct_killed,177465,bombsite_b,G2 Esports,Team Falcons,Team Falcons,30350,19300,0,4,Full Buy,Semi-Buy,ct,falcons-vs-g2-m2-dust2.dem
1,1,1266,4102,4422,t,ct_killed,,not_planted,G2 Esports,Team Falcons,Team Falcons,4350,4200,0,0,Pistol,Pistol,t,falcons-vs-g2-m3-mirage.dem
2,4422,5702,10516,10836,t,ct_killed,,not_planted,G2 Esports,Team Falcons,Team Falcons,1000,21200,2,0,Full Eco,Full Buy,ct,falcons-vs-g2-m3-mirage.dem
3,10836,12116,15748,16068,t,ct_killed,15533,bombsite_b,G2 Esports,Team Falcons,Team Falcons,23600,23800,3,0,Full Buy,Full Buy,t,falcons-vs-g2-m3-mirage.dem
4,16068,17348,20028,20348,t,ct_killed,,not_planted,G2 Esports,Team Falcons,Team Falcons,7400,24700,4,0,Semi-Eco,Full Buy,t,falcons-vs-g2-m3-mirage.dem
5,20348,21628,28988,29308,ct,time_ran_out,,not_planted,G2 Esports,Team Falcons,G2 Esports,27100,27550,5,0,Full Buy,Full Buy,ct,falcons-vs-g2-m3-mirage.dem
6,29308,33150,40273,40593,t,bomb_exploded,37649,bombsite_b,G2 Esports,Team Falcons,Team Falcons,25800,23050,3,1,Full Buy,Full Buy,t,falcons-vs-g2-m3-mirage.dem
7,40593,41873,48954,49274,ct,t_killed,,not_planted,G2 Esports,Team Falcons,G2 Esports,26150,25150,4,0,Full Buy,Full Buy,t,falcons-vs-g2-m3-mirage.dem
8,49274,52930,57390,57710,t,ct_killed,56265,bombsite_b,G2 Esports,Team Falcons,Team Falcons,28750,14750,2,1,Full Buy,Semi-Buy,ct,falcons-vs-g2-m3-mirage.dem
9,57710,58990,66362,66682,t,ct_killed,64931,bombsite_b,G2 Esports,Team Falcons,Team Falcons,3050,23500,3,0,Full Eco,Full Buy,t,falcons-vs-g2-m3-mirage.dem
10,66682,67962,70341,70661,ct,t_killed,,not_planted,G2 Esports,Team Falcons,G2 Esports,26850,27450,4,0,Full Buy,Full Buy,ct,falcons-vs-g2-m3-mirage.dem
11,70661,71941,74179,74499,ct,t_killed,,not_planted,G2 Esports,Team Falcons,G2 Esports,27950,18800,2,1,Full Buy,Semi-Buy,t,falcons-vs-g2-m3-mirage.dem
12,74499,75779,79908,80452,t,ct_killed,77802,bombsite_b,G2 Esports,Team Falcons,Team Falcons,31950,9700,1,2,Full Buy,Semi-Eco,ct,falcons-vs-g2-m3-mirage.dem
13,80452,95617,100720,101040,ct,bomb_defused,98702,bombsite_b,Team Falcons,G2 Esports,Team Falcons,4700,4250,1,1,Pistol,Pistol,t,falcons-vs-g2-m3-mirage.dem
14,101040,102320,108897,109217,t,ct_killed,107776,bombsite_b,Team Falcons,G2 Esports,G2 Esports,22250,11600,0,2,Full Buy,Semi-Buy,t,falcons-vs-g2-m3-mirage.dem
15,109217,110497,117097,117417,t,ct_killed,115716,bombsite_b,Team Falcons,G2 Esports,G2 Esports,6700,22350,1,0,Semi-Eco,Full Buy,ct,falcons-vs-g2-m3-mirage.dem
16,117417,118697,120223,120543,t,ct_killed,,not_planted,Team Falcons,G2 Esports,G2 Esports,1000,22650,2,0,Full Eco,Full Buy,ct,falcons-vs-g2-m3-mirage.dem
17,120543,121823,128773,129093,t,bomb_exploded,126149,bombsite_b,Team Falcons,G2 Esports,G2 Esports,25600,28350,3,0,Full Buy,Full Buy,t,falcons-vs-g2-m3-mirage.dem
18,129093,130373,136273,136593,ct,t_killed,,not_planted,Team Falcons,G2 Esports,Team Falcons,10900,27850,4,0,Semi-Buy,Full Buy,ct,falcons-vs-g2-m3-mirage.dem
19,136593,137873,142322,142642,t,ct_killed,140521,bombsite_b,Team Falcons,G2 Esports,G2 Esports,29800,26650,2,1,Full Buy,Full Buy,ct,falcons-vs-g2-m3-mirage.dem
20,142642,143922,151576,151896,t,ct_killed,149574,bombsite_b,Team Falcons,G2 Esports,G2 Esports,9950,26650,3,0,Semi-Eco,Full Buy,ct,falcons-vs-g2-m3-mirage.dem
21,151896,155270,157425,157745,ct,t_killed,,not_planted,Team Falcons,G2 Esports,Team Falcons,26000,26250,4,0,Full Buy,Full Buy,ct,falcons-vs-g2-m3-mirage.dem
22,157745,161656,166916,167236,t,ct_killed,,not_planted,Team Falcons,G2 Esports,G2 Esports,24650,14900,2,1,Full Buy,Semi-Buy,t,falcons-vs-g2-m3-mirage.dem
23,167236,168516,175481,175801,t,ct_killed,173092,bombsite_b,Team Falcons,G2 Esports,G2 Esports,12300,26100,3,0,Semi-Buy,Full Buy,t,falcons-vs-g2-m3-mirage.dem
24,175801,179316,182563,182563,t,ct_killed,,not_planted,Team Falcons,G2 Esports,G2 Esports,18650,27650,4,0,Semi-Buy,Full Buy,t,falcons-vs-g2-m3-mirage.dem
1,1,1266,6226,6546,t,ct_killed,5019,bombsite_b,FaZe Clan,BIG,BIG,5350,5750,0,0,Pistol,Pistol,t,faze-vs-big-m1-ancient-p1.dem
2,6546,9336,10915,11235,t,ct_killed,,not_planted,FaZe Clan,BIG,BIG,1600,17850,2,0,Full Eco,Semi-Buy,ct,faze-vs-big-m1-ancient-p1.dem
3,11235,12515,18041,18361,ct,t_killed,,not_planted,FaZe Clan,BIG,FaZe Clan,13700,19350,3,0,Semi-Buy,Semi-Buy,t,faze-vs-big-m1-ancient-p1.dem
4,18361,22159,25670,25990,t,ct_killed,,not_planted,FaZe Clan,BIG,BIG,24500,21400,1,1,Full Buy,Full Buy,t,faze-vs-big-m1-ancient-p1.dem
5,25990,27270,32796,33116,t,ct_killed,31194,bombsite_b,FaZe Clan,BIG,BIG,25600,25400,2,0,Full Buy,Full Buy,ct,faze-vs-big-m1-ancient-p1.dem
6,33116,34396,39220,39540,t,ct_killed,,not_planted,FaZe Clan,BIG,BIG,3000,25600,3,0,Full Eco,Full Buy,t,faze-vs-big-m1-ancient-p1.dem
7,39540,40820,48180,48500,ct,time_ran_out,,not_planted,FaZe Clan,BIG,FaZe Clan,27200,26700,4,0,Full Buy,Full Buy,t,faze-vs-big-m1-ancient-p1.dem
8,48500,51907,56979,57299,ct,t_killed,,not_planted,FaZe Clan,BIG,FaZe Clan,27300,24300,2,1,Full Buy,Full Buy,ct,faze-vs-big-m1-ancient-p1.dem
9,57299,58579,61137,61457,ct,t_killed,,not_planted,FaZe Clan,BIG,FaZe Clan,28000,1600,1,2,Full Buy,Full Eco,t,faze-vs-big-m1-ancient-p1.dem
10,61457,62737,70097,70417,ct,time_ran_out,,not_planted,FaZe Clan,BIG,FaZe Clan,30250,25000,0,3,Full Buy,Full Buy,ct,faze-vs-big-m1-ancient-p1.dem
11,70417,71697,75751,76071,t,ct_killed,,not_planted,FaZe Clan,BIG,BIG,29950,8000,0,4,Full Buy,Semi-Eco,t,faze-vs-big-m1-ancient-p1.dem
12,76071,79697,87116,87660,t,ct_killed,86959,bombsite_b,FaZe Clan,BIG,BIG,29100,28450,1,2,Full Buy,Full Buy,ct,faze-vs-big-m1-ancient-p1.dem
1,7,1410,6480,6800,t,ct_killed,4683,bombsite_b,BIG,FaZe Clan,FaZe Clan,4000,4650,0,0,Pistol,Pistol,t,faze-vs-big-m1-ancient-p2.dem
2,6800,8080,11758,12078,t,ct_killed,,not_planted,BIG,FaZe Clan,FaZe Clan,1000,20250,2,0,Full Eco,Full Buy,ct,faze-vs-big-m1-ancient-p2.dem
3,12078,13358,19465,19785,t,bomb_exploded,16841,bombsite_b,BIG,FaZe Clan,FaZe Clan,23050,23800,3,0,Full Buy,Full Buy,t,faze-vs-big-m1-ancient-p2.dem
4,19785,21065,28305,28625,t,ct_killed,26453,bombsite_b,BIG,FaZe Clan,FaZe Clan,14100,24500,4,0,Semi-Buy,Full Buy,t,faze-vs-big-m1-ancient-p2.dem
5,28625,29905,34514,34834,t,bomb_exploded,31890,bombsite_b,BIG,FaZe Clan,FaZe Clan,28000,27450,5,0,Full Buy,Full Buy,ct,faze-vs-big-m1-ancient-p2.dem
6,34834,38785,45544,45864,ct,t_killed,,not_planted,BIG,FaZe Clan,BIG,10900,27450,6,0,Semi-Buy,Full Buy,t,faze-vs-big-m1-ancient-p2.dem
7,45864,47144,51509,51829,ct,t_killed,,not_planted,BIG,FaZe Clan,BIG,30650,7300,3,1,Full Buy,Semi-Eco,t,faze-vs-big-m1-ancient-p2.dem
8,51829,53109,57752,58072,t,ct_killed,56862,bombsite_b,BIG,FaZe Clan,FaZe Clan,31550,22350,2,2,Full Buy,Full Buy,ct,faze-vs-big-m1-ancient-p2.dem
9,58072,59352,66584,66904,ct,t_killed,,not_planted,BIG,FaZe Clan,BIG,29650,25200,3,0,Full Buy,Full Buy,t,faze-vs-big-m1-ancient-p2.dem
10,66904,70525,77700,78020,t,bomb_exploded,75076,bombsite_b,BIG,FaZe Clan,FaZe Clan,29950,12600,1,1,Full Buy,Semi-Buy,ct,faze-vs-big-m1-ancient-p2.dem
11,78020,79300,86389,86389,t,ct_killed,84546,bombsite_b,BIG,FaZe Clan,FaZe Clan,27800,27850,2,0,Full Buy,Full Buy,t,faze-vs-big-m1-ancient-p2.dem
1,1,1262,4648,4968,t,ct_killed,,not_planted,BIG,FaZe Clan,FaZe Clan,4100,4200,0,0,Pistol,Pistol,t,faze-vs-big-m2-mirage.dem
2,4968,6248,13193,13513,t,ct_killed,12154,bombsite_b,BIG,FaZe Clan,FaZe Clan,9650,21700,2,0,Semi-Eco,Full Buy,ct,faze-vs-big-m2-mirage.dem
3,13513,14793,17249,17569,t,ct_killed,17104,bombsite_a,BIG,FaZe Clan,FaZe Clan,2100,23450,3,0,Full Eco,Full Buy,t,faze-vs-big-m2-mirage.dem
4,17569,18849,22262,22582,ct,t_killed,,not_planted,BIG,FaZe Clan,BIG,27700,25300,4,0,Full Buy,Full Buy,t,faze-vs-big-m2-mirage.dem
5,22582,23862,31222,31542,ct,time_ran_out,,not_planted,BIG,FaZe Clan,BIG,28500,18650,2,1,Full Buy,Semi-Buy,ct,faze-vs-big-m2-mirage.dem
6,31542,32822,36137,36457,ct,t_killed,,not_planted,BIG,FaZe Clan,BIG,29400,7800,1,2,Full Buy,Semi-Eco,t,faze-vs-big-m2-mirage.dem
7,36457,37737,42671,42991,ct,bomb_defused,41420,bombsite_a,BIG,FaZe Clan,BIG,30150,10700,0,3,Full Buy,Semi-Buy,t,faze-vs-big-m2-mirage.dem
8,42991,44271,53667,53987,ct,bomb_defused,51217,bombsite_a,BIG,FaZe Clan,BIG,30650,24400,0,4,Full Buy,Full Buy,ct,faze-vs-big-m2-mirage.dem
9,53987,57255,62082,62402,ct,t_killed,,not_planted,BIG,FaZe Clan,BIG,30750,25000,0,5,Full Buy,Full Buy,t,faze-vs-big-m2-mirage.dem
10,62402,63682,66455,66775,ct,t_killed,,not_planted,BIG,FaZe Clan,BIG,30450,8900,0,6,Full Buy,Semi-Eco,ct,faze-vs-big-m2-mirage.dem
11,66775,68055,73190,73510,t,ct_killed,72511,bombsite_a,BIG,FaZe Clan,FaZe Clan,31150,26500,0,7,Full Buy,Full Buy,t,faze-vs-big-m2-mirage.dem
12,73510,74790,79441,79985,t,ct_killed,,not_planted,BIG,FaZe Clan,FaZe Clan,30500,27450,1,3,Full Buy,Full Buy,ct,faze-vs-big-m2-mirage.dem
13,79985,94830,98799,99119,ct,t_killed,,not_planted,FaZe Clan,BIG,FaZe Clan,4700,5200,1,1,Pistol,Pistol,t,faze-vs-big-m2-mirage.dem
14,99119,100399,104295,104615,ct,bomb_defused,103006,bombsite_a,FaZe Clan,BIG,FaZe Clan,21400,1400,0,2,Full Buy,Full Eco,t,faze-vs-big-m2-mirage.dem
15,104615,105895,110941,111261,t,bomb_exploded,108317,bombsite_a,FaZe Clan,BIG,BIG,27350,23200,0,3,Full Buy,Full Buy,ct,faze-vs-big-m2-mirage.dem
16,111261,112541,121657,121977,t,bomb_exploded,119033,bombsite_a,FaZe Clan,BIG,BIG,14950,25400,1,1,Semi-Buy,Full Buy,ct,faze-vs-big-m2-mirage.dem
17,121977,123257,127804,128124,t,ct_killed,126749,bombsite_a,FaZe Clan,BIG,BIG,5300,25300,2,0,Semi-Eco,Full Buy,t,faze-vs-big-m2-mirage.dem
18,128124,129404,135550,135870,ct,t_killed,,not_planted,FaZe Clan,BIG,FaZe Clan,23250,27250,3,0,Full Buy,Full Buy,ct,faze-vs-big-m2-mirage.dem
19,135870,137150,145713,146033,t,ct_killed,143967,bombsite_a,FaZe Clan,BIG,BIG,26500,26400,1,1,Full Buy,Full Buy,ct,faze-vs-big-m2-mirage.dem
20,146033,147313,152644,152964,t,ct_killed,,not_planted,FaZe Clan,BIG,BIG,1600,27250,2,0,Full Eco,Full Buy,ct,faze-vs-big-m2-mirage.dem
21,152964,156363,159122,159442,ct,t_killed,,not_planted,FaZe Clan,BIG,FaZe Clan,23650,27250,3,0,Full Buy,Full Buy,ct,faze-vs-big-m2-mirage.dem
22,159442,160722,166223,166223,t,bomb_exploded,163599,bombsite_a,FaZe Clan,BIG,BIG,23450,26000,1,1,Full Buy,Full Buy,t,faze-vs-big-m2-mirage.dem
1,1,1265,8325,8645,t,bomb_exploded,5701,bombsite_b,BIG,FaZe Clan,FaZe Clan,4200,4850,0,0,Pistol,Pistol,t,faze-vs-big-m3-nuke.dem
2,8645,9925,16283,16603,t,ct_killed,14992,bombsite_b,BIG,FaZe Clan,FaZe Clan,11150,20000,2,0,Semi-Buy,Full Buy,ct,faze-vs-big-m3-nuke.dem
3,16603,17883,24382,24702,t,ct_killed,23182,bombsite_b,BIG,FaZe Clan,FaZe Clan,3400,21650,3,0,Full Eco,Full Buy,t,faze-vs-big-m3-nuke.dem
4,24702,25982,32891,33211,t,ct_killed,30538,bombsite_b,BIG,FaZe Clan,FaZe Clan,26650,25000,4,0,Full Buy,Full Buy,t,faze-vs-big-m3-nuke.dem
5,33211,36976,44741,45061,t,ct_killed,43572,bombsite_b,BIG,FaZe Clan,FaZe Clan,10400,28250,5,0,Semi-Buy,Full Buy,ct,faze-vs-big-m3-nuke.dem
6,45061,46341,53701,54021,ct,time_ran_out,,not_planted,BIG,FaZe Clan,BIG,27650,27650,6,0,Full Buy,Full Buy,t,faze-vs-big-m3-nuke.dem
7,54021,57782,65059,65379,ct,bomb_defused,64000,bombsite_b,BIG,FaZe Clan,BIG,21600,26450,3,1,Full Buy,Full Buy,t,faze-vs-big-m3-nuke.dem
8,65379,66659,72126,72446,t,bomb_exploded,69502,bombsite_b,BIG,FaZe Clan,FaZe Clan,28600,7700,2,2,Full Buy,Semi-Eco,ct,faze-vs-big-m3-nuke.dem
9,72446,76614,84656,84976,t,bomb_exploded,82032,bombsite_b,BIG,FaZe Clan,FaZe Clan,8050,25400,3,0,Semi-Eco,Full Buy,t,faze-vs-big-m3-nuke.dem
10,84976,86256,90833,91153,ct,t_killed,,not_planted,BIG,FaZe Clan,BIG,27450,26100,4,0,Full Buy,Full Buy,ct,faze-vs-big-m3-nuke.dem
11,91153,92433,100969,101289,ct,bomb_defused,99348,bombsite_b,BIG,FaZe Clan,BIG,29300,24300,2,1,Full Buy,Full Buy,t,faze-vs-big-m3-nuke.dem
12,101289,102569,106088,106632,t,ct_killed,105019,bombsite_b,BIG,FaZe Clan,FaZe Clan,30850,16550,1,2,Full Buy,Semi-Buy,ct,faze-vs-big-m3-nuke.dem
13,106632,121012,127900,128220,t,bomb_exploded,125276,bombsite_b,FaZe Clan,BIG,BIG,4200,4250,1,1,Pistol,Pistol,t,faze-vs-big-m3-nuke.dem
14,128220,129500,133670,133990,ct,t_killed,,not_planted,FaZe Clan,BIG,FaZe Clan,11800,19550,2,0,Semi-Buy,Semi-Buy,t,faze-vs-big-m3-nuke.dem
15,133990,135270,142595,142915,t,bomb_exploded,139971,bombsite_b,FaZe Clan,BIG,BIG,24150,3950,0,1,Full Buy,Full Eco,ct,faze-vs-big-m3-nuke.dem
16,142915,144195,153189,153509,t,bomb_exploded,150565,bombsite_b,FaZe Clan,BIG,BIG,22400,23350,1,0,Full Buy,Full Buy,ct,faze-vs-big-m3-nuke.dem
17,153509,156928,162907,163227,ct,t_killed,,not_planted,FaZe Clan,BIG,FaZe Clan,6500,27000,2,0,Semi-Eco,Full Buy,t,faze-vs-big-m3-nuke.dem
18,163227,164507,168423,168743,ct,t_killed,,not_planted,FaZe Clan,BIG,FaZe Clan,28950,22850,0,1,Full Buy,Full Buy,ct,faze-vs-big-m3-nuke.dem
19,168743,170023,174911,175231,ct,t_killed,,not_planted,FaZe Clan,BIG,FaZe Clan,29350,1500,0,2,Full Buy,Full Eco,ct,faze-vs-big-m3-nuke.dem
20,175231,176511,178752,178752,ct,t_killed,,not_planted,FaZe Clan,BIG,FaZe Clan,30350,20750,0,3,Full Buy,Full Buy,ct,faze-vs-big-m3-nuke.dem
1,1,1263,9856,10176,ct,bomb_defused,7784,bombsite_b,Astralis,FURIA,Astralis,4600,5050,0,0,Pistol,Pistol,t,furia-vs-astralis-m1-inferno-p1.dem
2,10176,11456,16571,16891,t,bomb_exploded,13947,bombsite_b,Astralis,FURIA,FURIA,20900,13500,0,2,Full Buy,Semi-Buy,ct,furia-vs-astralis-m1-inferno-p1.dem
3,16891,21104,30420,30740,ct,bomb_defused,28072,bombsite_b,Astralis,FURIA,Astralis,16600,26000,1,0,Semi-Buy,Full Buy,t,furia-vs-astralis-m1-inferno-p1.dem
1,7,1847,10327,10647,t,ct_killed,8872,bombsite_b,Astralis,FURIA,FURIA,25600,22450,0,0,Pistol,Pistol,t,furia-vs-astralis-m1-inferno-p2.dem
2,10647,11927,20283,20603,t,bomb_exploded,17659,bombsite_b,Astralis,FURIA,FURIA,10950,24600,1,0,Semi-Buy,Full Buy,ct,furia-vs-astralis-m1-inferno-p2.dem
3,20603,21883,28766,29086,t,ct_killed,26821,bombsite_b,Astralis,FURIA,FURIA,2000,23750,2,0,Full Eco,Full Buy,t,furia-vs-astralis-m1-inferno-p2.dem
4,29086,30366,38352,38672,ct,bomb_defused,36441,bombsite_b,Astralis,FURIA,Astralis,22650,24250,3,0,Full Buy,Full Buy,t,furia-vs-astralis-m1-inferno-p2.dem
5,38672,42591,51910,52230,t,bomb_exploded,49286,bombsite_b,Astralis,FURIA,FURIA,23200,27450,1,1,Full Buy,Full Buy,ct,furia-vs-astralis-m1-inferno-p2.dem
6,52230,53510,63425,63745,t,bomb_exploded,60801,bombsite_b,Astralis,FURIA,FURIA,23400,27450,2,0,Full Buy,Full Buy,t,furia-vs-astralis-m1-inferno-p2.dem
7,63745,67983,76783,77103,t,bomb_exploded,74159,bombsite_b,Astralis,FURIA,FURIA,11950,27350,3,0,Semi-Buy,Full Buy,t,furia-vs-astralis-m1-inferno-p2.dem
8,77103,78383,85291,85611,ct,bomb_defused,83066,bombsite_b,Astralis,FURIA,Astralis,26800,27450,4,0,Full Buy,Full Buy,ct,furia-vs-astralis-m1-inferno-p2.dem
9,85611,89569,95898,96442,ct,t_killed,,not_planted,Astralis,FURIA,Astralis,34400,26650,2,1,Full Buy,Full Buy,t,furia-vs-astralis-m1-inferno-p2.dem
10,96442,110355,116979,117299,ct,bomb_defused,115330,bombsite_b,FURIA,Astralis,FURIA,4750,4350,1,1,Full Eco,Full Eco,ct,furia-vs-astralis-m1-inferno-p2.dem
11,117299,118579,126632,126952,t,bomb_exploded,124008,bombsite_b,FURIA,Astralis,Astralis,20450,14000,0,2,Full Buy,Semi-Buy,t,furia-vs-astralis-m1-inferno-p2.dem
12,126952,128232,136769,137089,t,bomb_exploded,134145,bombsite_b,FURIA,Astralis,Astralis,12100,22600,1,0,Semi-Buy,Full Buy,ct,furia-vs-astralis-m1-inferno-p2.dem
13,137089,138369,144895,145215,t,bomb_exploded,142271,bombsite_b,FURIA,Astralis,Astralis,6550,24250,2,0,Pistol,Pistol,t,furia-vs-astralis-m1-inferno-p2.dem
14,145215,146495,154755,155075,t,ct_killed,153190,bombsite_b,FURIA,Astralis,Astralis,25600,25900,3,0,Full Buy,Full Buy,t,furia-vs-astralis-m1-inferno-p2.dem
15,155075,156355,158970,159290,ct,t_killed,,not_planted,FURIA,Astralis,FURIA,10500,23750,4,0,Semi-Buy,Full Buy,ct,furia-vs-astralis-m1-inferno-p2.dem
16,159290,160570,170197,170517,t,bomb_exploded,167573,bombsite_b,FURIA,Astralis,Astralis,28200,17950,2,1,Full Buy,Semi-Buy,ct,furia-vs-astralis-m1-inferno-p2.dem
17,170517,174373,183568,183888,t,bomb_exploded,180944,bombsite_b,FURIA,Astralis,Astralis,28500,27250,3,0,Full Buy,Full Buy,t,furia-vs-astralis-m1-inferno-p2.dem
18,183888,185168,188489,188809,ct,t_killed,,not_planted,FURIA,Astralis,FURIA,16500,26000,4,0,Semi-Buy,Full Buy,ct,furia-vs-astralis-m1-inferno-p2.dem
19,188809,190089,199079,199399,t,bomb_exploded,196455,bombsite_b,FURIA,Astralis,Astralis,30500,23350,2,1,Full Buy,Full Buy,ct,furia-vs-astralis-m1-inferno-p2.dem
20,199399,200679,207153,207153,t,ct_killed,205973,bombsite_b,FURIA,Astralis,Astralis,32550,25300,3,0,Full Buy,Full Buy,ct,furia-vs-astralis-m1-inferno-p2.dem
1,1,1266,6425,6745,ct,bomb_defused,4983,bombsite_b,Astralis,FURIA,Astralis,4200,4750,0,0,Pistol,Pistol,t,furia-vs-astralis-m2-dust2.dem
2,6745,8025,14127,14447,t,ct_killed,12840,bombsite_b,Astralis,FURIA,FURIA,21600,14300,0,2,Full Buy,Semi-Buy,ct,furia-vs-astralis-m2-dust2.dem
3,14447,15727,22981,23301,t,ct_killed,22335,bombsite_b,Astralis,FURIA,FURIA,7700,27250,1,0,Semi-Eco,Full Buy,t,furia-vs-astralis-m2-dust2.dem
4,23301,24581,27467,27787,t,ct_killed,26916,bombsite_b,Astralis,FURIA,FURIA,1200,26650,2,0,Full Eco,Full Buy,t,furia-vs-astralis-m2-dust2.dem
5,27787,29067,36649,36969,t,bomb_exploded,34025,bombsite_b,Astralis,FURIA,FURIA,23800,27550,3,0,Full Buy,Full Buy,ct,furia-vs-astralis-m2-dust2.dem
6,36969,38249,44236,44556,t,bomb_exploded,41612,bombsite_b,Astralis,FURIA,FURIA,5350,26900,4,0,Semi-Eco,Full Buy,t,furia-vs-astralis-m2-dust2.dem
7,44556,48836,56301,56621,t,bomb_exploded,53677,bombsite_b,Astralis,FURIA,FURIA,27300,27500,5,0,Full Buy,Full Buy,t,furia-vs-astralis-m2-dust2.dem
8,56621,57901,66774,67094,ct,bomb_defused,65067,bombsite_b,Astralis,FURIA,Astralis,28300,27250,6,0,Full Buy,Full Buy,ct,furia-vs-astralis-m2-dust2.dem
9,67094,68374,76318,76638,ct,bomb_defused,74535,bombsite_b,Astralis,FURIA,Astralis,28850,27250,3,1,Full Buy,Full Buy,t,furia-vs-astralis-m2-dust2.dem
10,76638,77918,82054,82374,ct,bomb_defused,80100,bombsite_b,Astralis,FURIA,Astralis,29850,15850,2,2,Full Buy,Semi-Buy,ct,furia-vs-astralis-m2-dust2.dem
11,82374,83654,93225,93545,t,bomb_exploded,90601,bombsite_b,Astralis,FURIA,FURIA,31400,27100,1,3,Full Buy,Full Buy,t,furia-vs-astralis-m2-dust2.dem
12,93545,94825,101089,101633,t,ct_killed,,not_planted,Astralis,FURIA,FURIA,29800,27450,2,1,Full Buy,Full Buy,ct,furia-vs-astralis-m2-dust2.dem
13,101633,115744,119178,119498,t,ct_killed,,not_planted,FURIA,Astralis,Astralis,4250,4500,1,1,Pistol,Pistol,t,furia-vs-astralis-m2-dust2.dem
14,119498,120778,124220,124540,t,ct_killed,,not_planted,FURIA,Astralis,Astralis,1300,16950,2,0,Full Eco,Semi-Buy,t,furia-vs-astralis-m2-dust2.dem
15,124540,125820,134918,135238,ct,bomb_defused,133179,bombsite_b,FURIA,Astralis,FURIA,23400,21950,3,0,Full Buy,Full Buy,ct,furia-vs-astralis-m2-dust2.dem
16,135238,136518,145256,145576,t,ct_killed,143208,bombsite_b,FURIA,Astralis,Astralis,22600,22700,1,1,Full Buy,Full Buy,ct,furia-vs-astralis-m2-dust2.dem
17,145576,146856,152180,152500,t,ct_killed,,not_planted,FURIA,Astralis,Astralis,1500,22400,2,0,Full Eco,Full Buy,t,furia-vs-astralis-m2-dust2.dem
18,152500,155706,163066,163386,ct,time_ran_out,,not_planted,FURIA,Astralis,FURIA,25200,24800,3,0,Full Buy,Full Buy,ct,furia-vs-astralis-m2-dust2.dem
19,163386,164666,172026,172346,ct,time_ran_out,,not_planted,FURIA,Astralis,FURIA,28450,23550,1,1,Full Buy,Full Buy,ct,furia-vs-astralis-m2-dust2.dem
20,172346,175986,182615,182935,ct,bomb_defused,181493,bombsite_b,FURIA,Astralis,FURIA,29500,15350,0,2,Full Buy,Semi-Buy,ct,furia-vs-astralis-m2-dust2.dem
21,182935,184215,188708,188708,ct,bomb_defused,187462,bombsite_b,FURIA,Astralis,FURIA,31150,17100,0,3,Full Buy,Semi-Buy,ct,furia-vs-astralis-m2-dust2.dem
1,1,1259,5906,6226,ct,t_killed,,not_planted,Astralis,FURIA,Astralis,4400,4550,0,0,Pistol,Pistol,t,furia-vs-astralis-m3-nuke-p1.dem
2,6226,7506,13733,14053,ct,t_killed,,not_planted,Astralis,FURIA,Astralis,20000,10400,0,2,Full Buy,Semi-Buy,ct,furia-vs-astralis-m3-nuke-p1.dem
3,14053,15333,16674,16994,ct,t_killed,,not_planted,Astralis,FURIA,Astralis,20950,4550,0,3,Full Buy,Full Eco,t,furia-vs-astralis-m3-nuke-p1.dem
4,16994,18274,23481,23801,t,ct_killed,22857,bombsite_b,Astralis,FURIA,FURIA,23450,24100,0,4,Full Buy,Full Buy,t,furia-vs-astralis-m3-nuke-p1.dem
5,23801,25081,34494,34814,t,bomb_exploded,31870,bombsite_b,Astralis,FURIA,FURIA,28500,23400,1,2,Full Buy,Full Buy,ct,furia-vs-astralis-m3-nuke-p1.dem
6,34814,36094,41589,41909,t,bomb_exploded,38965,bombsite_b,Astralis,FURIA,FURIA,19600,24400,2,1,Semi-Buy,Full Buy,t,furia-vs-astralis-m3-nuke-p1.dem
1,9,4842,13602,13922,t,bomb_exploded,10978,bombsite_b,Astralis,FURIA,FURIA,23150,25300,0,0,Pistol,Pistol,t,furia-vs-astralis-m3-nuke-p2.dem
2,13922,23881,31241,31561,ct,time_ran_out,,not_planted,Astralis,FURIA,Astralis,21300,25300,4,0,Full Buy,Full Buy,ct,furia-vs-astralis-m3-nuke-p2.dem
3,31561,35754,44611,44931,t,bomb_exploded,41987,bombsite_b,Astralis,FURIA,FURIA,27950,18500,2,1,Full Buy,Semi-Buy,t,furia-vs-astralis-m3-nuke-p2.dem
4,44931,46211,52041,52361,ct,t_killed,,not_planted,Astralis,FURIA,Astralis,24500,27850,3,0,Full Buy,Full Buy,t,furia-vs-astralis-m3-nuke-p2.dem
5,52361,53641,58499,58819,t,bomb_exploded,55875,bombsite_b,Astralis,FURIA,FURIA,27050,19500,1,1,Full Buy,Semi-Buy,ct,furia-vs-astralis-m3-nuke-p2.dem
6,58819,60099,65648,66192,ct,t_killed,,not_planted,Astralis,FURIA,Astralis,27850,26400,2,0,Full Buy,Full Buy,t,furia-vs-astralis-m3-nuke-p2.dem
7,66192,80139,85758,86078,ct,t_killed,,not_planted,FURIA,Astralis,FURIA,4200,4900,1,1,Full Eco,Full Eco,t,furia-vs-astralis-m3-nuke-p2.dem
8,86078,87358,90754,91074,ct,t_killed,,not_planted,FURIA,Astralis,FURIA,20200,9750,0,2,Full Buy,Semi-Eco,ct,furia-vs-astralis-m3-nuke-p2.dem
9,91074,92354,99880,100200,ct,bomb_defused,99074,bombsite_b,FURIA,Astralis,FURIA,23050,8900,0,3,Full Buy,Semi-Eco,t,furia-vs-astralis-m3-nuke-p2.dem
10,100200,101480,110127,110447,t,bomb_exploded,107503,bombsite_b,FURIA,Astralis,Astralis,29750,24800,0,4,Full Buy,Full Buy,ct,furia-vs-astralis-m3-nuke-p2.dem
11,110447,111727,117505,117825,ct,t_killed,,not_planted,FURIA,Astralis,FURIA,25350,23000,1,2,Full Buy,Full Buy,t,furia-vs-astralis-m3-nuke-p2.dem
12,117825,119105,125101,125421,t,bomb_exploded,122477,bombsite_b,FURIA,Astralis,Astralis,29650,18850,0,3,Full Buy,Semi-Buy,ct,furia-vs-astralis-m3-nuke-p2.dem
13,125421,129232,136034,136354,ct,t_killed,,not_planted,FURIA,Astralis,FURIA,24100,28150,1,1,Pistol,Pistol,t,furia-vs-astralis-m3-nuke-p2.dem
14,136354,137634,144631,144951,t,ct_killed,144301,bombsite_b,FURIA,Astralis,Astralis,28350,21700,0,2,Full Buy,Full Buy,t,furia-vs-astralis-m3-nuke-p2.dem
15,144951,149340,153386,153706,t,bomb_exploded,150762,bombsite_b,FURIA,Astralis,Astralis,13300,24900,1,0,Semi-Buy,Full Buy,ct,furia-vs-astralis-m3-nuke-p2.dem
16,153706,154986,159573,159893,t,bomb_exploded,156949,bombsite_b,FURIA,Astralis,Astralis,12700,25000,2,0,Semi-Buy,Full Buy,ct,furia-vs-astralis-m3-nuke-p2.dem
17,159893,161173,166456,166776,t,bomb_exploded,163832,bombsite_b,FURIA,Astralis,Astralis,26700,25300,3,0,Full Buy,Full Buy,t,furia-vs-astralis-m3-nuke-p2.dem
18,166776,168056,172363,172363,t,ct_killed,171096,bombsite_b,FURIA,Astralis,Astralis,29350,26500,4,0,Full Buy,Full Buy,ct,furia-vs-astralis-m3-nuke-p2.dem
1,1,1264,3939,4259,t,ct_killed,2980,bombsite_b,G2 Esports,FaZe Clan,FaZe Clan,4350,4650,0,0,Pistol,Pistol,t,g2-vs-faze-m1-ancient-p1.dem
2,4259,5539,12806,13126,ct,bomb_defused,11064,bombsite_b,G2 Esports,FaZe Clan,G2 Esports,10200,19900,2,0,Semi-Buy,Semi-Buy,ct,g2-vs-faze-m1-ancient-p1.dem
3,13126,14406,18449,18769,ct,bomb_defused,16493,bombsite_b,G2 Esports,FaZe Clan,G2 Esports,24850,1000,0,1,Full Buy,Full Eco,t,g2-vs-faze-m1-ancient-p1.dem
4,18769,20049,26392,26712,t,ct_killed,,not_planted,G2 Esports,FaZe Clan,FaZe Clan,26150,24700,0,2,Full Buy,Full Buy,t,g2-vs-faze-m1-ancient-p1.dem
5,26712,30407,36235,36555,ct,bomb_defused,35115,bombsite_b,G2 Esports,FaZe Clan,G2 Esports,16950,23650,1,0,Semi-Buy,Full Buy,ct,g2-vs-faze-m1-ancient-p1.dem
6,36555,37835,43172,43492,ct,t_killed,,not_planted,G2 Esports,FaZe Clan,G2 Esports,28600,2600,0,1,Full Buy,Full Eco,t,g2-vs-faze-m1-ancient-p1.dem
7,43492,44772,52895,53215,t,bomb_exploded,50271,bombsite_b,G2 Esports,FaZe Clan,FaZe Clan,29950,23150,0,2,Full Buy,Full Buy,t,g2-vs-faze-m1-ancient-p1.dem
8,53215,54495,63443,63763,t,bomb_exploded,60819,bombsite_b,G2 Esports,FaZe Clan,FaZe Clan,22450,23650,1,0,Full Buy,Full Buy,ct,g2-vs-faze-m1-ancient-p1.dem
1,7,1455,9903,10223,t,bomb_exploded,7279,bombsite_b,G2 Esports,FaZe Clan,FaZe Clan,5250,24750,0,0,Pistol,Pistol,t,g2-vs-faze-m1-ancient-p2.dem
2,10223,13739,21099,21419,ct,time_ran_out,,not_planted,G2 Esports,FaZe Clan,G2 Esports,27450,27050,3,0,Full Buy,Full Buy,ct,g2-vs-faze-m1-ancient-p2.dem
3,21419,25041,32476,32796,ct,bomb_defused,30670,bombsite_b,G2 Esports,FaZe Clan,G2 Esports,28600,11900,1,1,Full Buy,Semi-Buy,t,g2-vs-faze-m1-ancient-p2.dem
4,32796,34076,38904,39448,t,ct_killed,37375,bombsite_b,G2 Esports,FaZe Clan,FaZe Clan,31550,11550,0,2,Full Buy,Semi-Buy,t,g2-vs-faze-m1-ancient-p2.dem
5,39448,53770,60446,60766,ct,bomb_defused,58928,bombsite_b,FaZe Clan,G2 Esports,FaZe Clan,5350,4250,1,1,Semi-Eco,Full Eco,ct,g2-vs-faze-m1-ancient-p2.dem
6,60766,62046,69507,69827,ct,bomb_defused,67368,bombsite_b,FaZe Clan,G2 Esports,FaZe Clan,20550,14350,0,2,Full Buy,Semi-Buy,t,g2-vs-faze-m1-ancient-p2.dem
7,69827,71107,76661,76981,t,ct_killed,76194,bombsite_b,FaZe Clan,G2 Esports,G2 Esports,23150,17550,0,3,Full Buy,Semi-Buy,t,g2-vs-faze-m1-ancient-p2.dem
8,76981,78261,85160,85480,ct,bomb_defused,82838,bombsite_b,FaZe Clan,G2 Esports,FaZe Clan,8500,21350,1,1,Semi-Eco,Full Buy,ct,g2-vs-faze-m1-ancient-p2.dem
9,85480,88979,96339,96659,ct,time_ran_out,,not_planted,FaZe Clan,G2 Esports,FaZe Clan,26800,14200,0,2,Full Buy,Semi-Buy,t,g2-vs-faze-m1-ancient-p2.dem
10,96659,97939,103631,103951,ct,t_killed,,not_planted,FaZe Clan,G2 Esports,FaZe Clan,28100,13650,0,3,Full Buy,Semi-Buy,ct,g2-vs-faze-m1-ancient-p2.dem
11,103951,105231,110243,110563,t,ct_killed,,not_planted,FaZe Clan,G2 Esports,G2 Esports,28000,15500,0,4,Full Buy,Semi-Buy,t,g2-vs-faze-m1-ancient-p2.dem
12,110563,114325,119874,120194,ct,t_killed,,not_planted,FaZe Clan,G2 Esports,FaZe Clan,22900,22900,1,2,Full Buy,Full Buy,ct,g2-vs-faze-m1-ancient-p2.dem
13,120194,121474,129845,130165,t,bomb_exploded,127221,bombsite_b,FaZe Clan,G2 Esports,G2 Esports,28300,14500,0,3,Pistol,Pistol,t,g2-vs-faze-m1-ancient-p2.dem
14,130165,134003,141019,141339,t,ct_killed,139579,bombsite_b,FaZe Clan,G2 Esports,G2 Esports,20750,25100,1,1,Full Buy,Full Buy,t,g2-vs-faze-m1-ancient-p2.dem
15,141339,142619,147348,147668,t,bomb_exploded,144724,bombsite_b,FaZe Clan,G2 Esports,G2 Esports,1000,22550,2,0,Full Eco,Full Buy,ct,g2-vs-faze-m1-ancient-p2.dem
16,147668,148948,154353,154897,t,ct_killed,153056,bombsite_b,FaZe Clan,G2 Esports,G2 Esports,25950,25100,3,0,Full Buy,Full Buy,ct,g2-vs-faze-m1-ancient-p2.dem
17,154897,156177,163818,164138,t,ct_killed,162539,bombsite_b,FaZe Clan,G2 Esports,G2 Esports,29000,27250,1,1,Full Buy,Full Buy,t,g2-vs-faze-m1-ancient-p2.dem
18,164138,167475,175194,175514,ct,bomb_defused,174157,bombsite_b,FaZe Clan,G2 Esports,FaZe Clan,30100,27350,2,0,Full Buy,Full Buy,ct,g2-vs-faze-m1-ancient-p2.dem
19,175514,176794,182377,182921,ct,bomb_defused,180285,bombsite_b,FaZe Clan,G2 Esports,FaZe Clan,31650,27750,0,1,Full Buy,Full Buy,ct,g2-vs-faze-m1-ancient-p2.dem
20,182921,186779,191735,192055,t,ct_killed,189940,bombsite_b,G2 Esports,FaZe Clan,FaZe Clan,29750,27550,1,1,Full Buy,Full Buy,ct,g2-vs-faze-m1-ancient-p2.dem
21,192055,193335,197058,197058,t,ct_killed,195650,bombsite_b,G2 Esports,FaZe Clan,FaZe Clan,29250,27650,2,0,Full Buy,Full Buy,ct,g2-vs-faze-m1-ancient-p2.dem
1,1,1264,6063,6383,ct,t_killed,,not_planted,FaZe Clan,G2 Esports,FaZe Clan,4250,4250,0,0,Pistol,Pistol,t,g2-vs-faze-m2-inferno-p1.dem
2,6383,7663,9796,10116,ct,t_killed,,not_planted,FaZe Clan,G2 Esports,FaZe Clan,19900,1400,0,2,Semi-Buy,Full Eco,ct,g2-vs-faze-m2-inferno-p1.dem
3,10116,11396,16365,16685,t,ct_killed,14916,bombsite_b,FaZe Clan,G2 Esports,G2 Esports,20650,22800,0,3,Full Buy,Full Buy,t,g2-vs-faze-m2-inferno-p1.dem
4,16685,17965,25325,25645,ct,time_ran_out,,not_planted,FaZe Clan,G2 Esports,FaZe Clan,25000,22750,1,1,Full Buy,Full Buy,t,g2-vs-faze-m2-inferno-p1.dem
5,25645,26925,33457,33777,ct,t_killed,,not_planted,FaZe Clan,G2 Esports,FaZe Clan,28450,15650,0,2,Full Buy,Semi-Buy,ct,g2-vs-faze-m2-inferno-p1.dem
6,33777,35057,38490,38810,ct,t_killed,,not_planted,FaZe Clan,G2 Esports,FaZe Clan,29950,3950,0,3,Full Buy,Full Eco,t,g2-vs-faze-m2-inferno-p1.dem
7,38810,42504,51616,51936,t,bomb_exploded,48992,bombsite_b,FaZe Clan,G2 Esports,G2 Esports,30950,24500,0,4,Full Buy,Full Buy,t,g2-vs-faze-m2-inferno-p1.dem
8,51936,53216,58378,58698,t,bomb_exploded,55754,bombsite_b,FaZe Clan,G2 Esports,G2 Esports,30100,25200,1,2,Full Buy,Full Buy,ct,g2-vs-faze-m2-inferno-p1.dem
9,58698,62250,71267,71587,t,bomb_exploded,68643,bombsite_b,FaZe Clan,G2 Esports,G2 Esports,26350,25400,2,1,Full Buy,Full Buy,t,g2-vs-faze-m2-inferno-p1.dem
10,71587,72867,79777,80097,ct,bomb_defused,77549,bombsite_b,FaZe Clan,G2 Esports,FaZe Clan,24950,25300,3,0,Full Buy,Full Buy,ct,g2-vs-faze-m2-inferno-p1.dem
11,80097,81377,89504,89824,ct,bomb_defused,87782,bombsite_b,FaZe Clan,G2 Esports,FaZe Clan,25700,25300,1,1,Full Buy,Full Buy,t,g2-vs-faze-m2-inferno-p1.dem
1,7,4112,6716,7260,ct,t_killed,,not_planted,FaZe Clan,G2 Esports,FaZe Clan,25850,28050,0,0,Pistol,Pistol,t,g2-vs-faze-m2-inferno-p2.dem
2,7260,21347,25579,25899,ct,t_killed,,not_planted,G2 Esports,FaZe Clan,G2 Esports,4200,4950,1,1,Full Eco,Full Eco,ct,g2-vs-faze-m2-inferno-p2.dem
3,25899,27179,30909,31229,ct,t_killed,,not_planted,G2 Esports,FaZe Clan,G2 Esports,18950,4650,0,2,Semi-Buy,Full Eco,t,g2-vs-faze-m2-inferno-p2.dem
4,31229,32509,35850,36170,ct,t_killed,,not_planted,G2 Esports,FaZe Clan,G2 Esports,22400,8400,0,3,Full Buy,Semi-Eco,t,g2-vs-faze-m2-inferno-p2.dem
5,36170,37450,45851,46171,ct,bomb_defused,43393,bombsite_b,G2 Esports,FaZe Clan,G2 Esports,24750,25100,0,4,Full Buy,Full Buy,ct,g2-vs-faze-m2-inferno-p2.dem
6,46171,47451,54811,55131,ct,time_ran_out,,not_planted,G2 Esports,FaZe Clan,G2 Esports,30350,23600,0,5,Full Buy,Full Buy,t,g2-vs-faze-m2-inferno-p2.dem
7,55131,59002,66843,67163,t,bomb_exploded,64219,bombsite_b,G2 Esports,FaZe Clan,FaZe Clan,30450,13400,0,6,Full Buy,Semi-Buy,t,g2-vs-faze-m2-inferno-p2.dem
8,67163,70874,74975,75295,ct,t_killed,,not_planted,G2 Esports,FaZe Clan,G2 Esports,30000,27950,1,3,Full Buy,Full Buy,ct,g2-vs-faze-m2-inferno-p2.dem
9,75295,78808,86158,86478,ct,bomb_defused,84771,bombsite_b,G2 Esports,FaZe Clan,G2 Esports,30150,23600,0,4,Full Buy,Full Buy,t,g2-vs-faze-m2-inferno-p2.dem
10,86478,87758,94408,94728,t,ct_killed,92551,bombsite_b,G2 Esports,FaZe Clan,FaZe Clan,30500,23300,0,5,Full Buy,Full Buy,ct,g2-vs-faze-m2-inferno-p2.dem
11,94728,96008,103329,103649,ct,bomb_defused,101081,bombsite_b,G2 Esports,FaZe Clan,G2 Esports,27350,26650,1,3,Full Buy,Full Buy,t,g2-vs-faze-m2-inferno-p2.dem
12,103649,104929,112213,112213,ct,bomb_defused,111425,bombsite_b,G2 Esports,FaZe Clan,G2 Esports,25450,21950,0,4,Full Buy,Full Buy,ct,g2-vs-faze-m2-inferno-p2.dem
1,1,1266,5951,6271,t,ct_killed,4236,bombsite_b,G2 Esports,FaZe Clan,FaZe Clan,4000,4700,0,0,Pistol,Pistol,t,g2-vs-faze-m3-nuke.dem
2,6271,10588,14758,15078,t,ct_killed,14288,bombsite_b,G2 Esports,FaZe Clan,FaZe Clan,10700,19250,2,0,Semi-Buy,Semi-Buy,ct,g2-vs-faze-m3-nuke.dem
3,15078,16358,22030,22350,t,ct_killed,,not_planted,G2 Esports,FaZe Clan,FaZe Clan,2800,21350,3,0,Full Eco,Full Buy,t,g2-vs-faze-m3-nuke.dem
4,22350,23630,27949,28269,ct,t_killed,,not_planted,G2 Esports,FaZe Clan,G2 Esports,26000,23100,4,0,Full Buy,Full Buy,t,g2-vs-faze-m3-nuke.dem
5,28269,29549,32485,32805,ct,t_killed,,not_planted,G2 Esports,FaZe Clan,G2 Esports,28900,27350,2,1,Full Buy,Full Buy,ct,g2-vs-faze-m3-nuke.dem
6,32805,34085,37000,37320,ct,t_killed,,not_planted,G2 Esports,FaZe Clan,G2 Esports,27500,2000,1,2,Full Buy,Full Eco,t,g2-vs-faze-m3-nuke.dem
7,37320,38600,43972,44292,t,ct_killed,43001,bombsite_b,G2 Esports,FaZe Clan,FaZe Clan,28700,24300,0,3,Full Buy,Full Buy,t,g2-vs-faze-m3-nuke.dem
8,44292,47600,56372,56692,t,bomb_exploded,53748,bombsite_b,G2 Esports,FaZe Clan,FaZe Clan,28950,27550,1,1,Full Buy,Full Buy,ct,g2-vs-faze-m3-nuke.dem
9,56692,57972,65921,66241,ct,bomb_defused,65038,bombsite_b,G2 Esports,FaZe Clan,G2 Esports,10950,27750,2,0,Semi-Buy,Full Buy,t,g2-vs-faze-m3-nuke.dem
10,66241,67521,74736,75056,ct,bomb_defused,72404,bombsite_b,G2 Esports,FaZe Clan,G2 Esports,28800,25200,0,1,Full Buy,Full Buy,ct,g2-vs-faze-m3-nuke.dem
11,75056,76336,80376,80696,ct,bomb_defused,78167,bombsite_b,G2 Esports,FaZe Clan,G2 Esports,31150,8000,0,2,Full Buy,Semi-Eco,t,g2-vs-faze-m3-nuke.dem
12,80696,84416,90302,90846,t,ct_killed,,not_planted,G2 Esports,FaZe Clan,FaZe Clan,31650,25450,0,3,Full Buy,Full Buy,ct,g2-vs-faze-m3-nuke.dem
13,90846,105148,108330,108650,t,ct_killed,107602,bombsite_b,FaZe Clan,G2 Esports,G2 Esports,4000,4750,1,1,Pistol,Pistol,t,g2-vs-faze-m3-nuke.dem
14,108650,109930,116332,116652,ct,t_killed,,not_planted,FaZe Clan,G2 Esports,FaZe Clan,10950,20050,2,0,Semi-Buy,Full Buy,t,g2-vs-faze-m3-nuke.dem
15,116652,120772,126031,126351,t,bomb_exploded,123407,bombsite_b,FaZe Clan,G2 Esports,G2 Esports,25450,8050,0,1,Full Buy,Semi-Eco,ct,g2-vs-faze-m3-nuke.dem
16,126351,130242,134625,134945,ct,t_killed,,not_planted,FaZe Clan,G2 Esports,FaZe Clan,14700,23750,1,0,Semi-Buy,Full Buy,ct,g2-vs-faze-m3-nuke.dem
17,134945,136225,140992,141312,ct,t_killed,,not_planted,FaZe Clan,G2 Esports,FaZe Clan,27650,10600,0,1,Full Buy,Semi-Buy,t,g2-vs-faze-m3-nuke.dem
18,141312,142592,147558,147878,ct,t_killed,,not_planted,FaZe Clan,G2 Esports,FaZe Clan,27050,1100,0,2,Full Buy,Full Eco,ct,g2-vs-faze-m3-nuke.dem
19,147878,149158,153930,154250,ct,bomb_defused,152368,bombsite_b,FaZe Clan,G2 Esports,FaZe Clan,30650,22800,0,3,Full Buy,Full Buy,ct,g2-vs-faze-m3-nuke.dem
20,154250,155530,159219,159539,ct,t_killed,,not_planted,FaZe Clan,G2 Esports,FaZe Clan,30250,18750,0,4,Full Buy,Semi-Buy,ct,g2-vs-faze-m3-nuke.dem
21,159539,160819,166867,166867,ct,bomb_defused,165634,bombsite_b,FaZe Clan,G2 Esports,FaZe Clan,30650,19900,0,5,Full Buy,Semi-Buy,ct,g2-vs-faze-m3-nuke.dem
1,1,1265,5607,5927,ct,t_killed,,not_planted,G2 Esports,Virtus.pro,G2 Esports,4200,4250,0,0,Pistol,Pistol,t,g2-vs-virtus-pro-m1-inferno.dem
2,5927,7207,15474,15794,ct,bomb_defused,14224,bombsite_b,G2 Esports,Virtus.pro,G2 Esports,20950,1800,0,2,Full Buy,Full Eco,ct,g2-vs-virtus-pro-m1-inferno.dem
3,15794,17074,23997,24317,ct,bomb_defused,22163,bombsite_b,G2 Esports,Virtus.pro,G2 Esports,25800,25200,0,3,Full Buy,Full Buy,t,g2-vs-virtus-pro-m1-inferno.dem
4,24317,25597,31516,31836,t,bomb_exploded,28892,bombsite_b,G2 Esports,Virtus.pro,Virtus.pro,26500,15450,0,4,Full Buy,Semi-Buy,t,g2-vs-virtus-pro-m1-inferno.dem
5,31836,35121,42481,42801,ct,time_ran_out,,not_planted,G2 Esports,Virtus.pro,G2 Esports,25150,26600,1,2,Full Buy,Full Buy,ct,g2-vs-virtus-pro-m1-inferno.dem
6,42801,44081,52549,52869,t,bomb_exploded,49925,bombsite_b,G2 Esports,Virtus.pro,Virtus.pro,24650,25700,0,3,Full Buy,Full Buy,t,g2-vs-virtus-pro-m1-inferno.dem
7,52869,54149,62404,62724,t,bomb_exploded,59780,bombsite_b,G2 Esports,Virtus.pro,Virtus.pro,26050,25600,1,1,Full Buy,Full Buy,t,g2-vs-virtus-pro-m1-inferno.dem
8,62724,64004,67790,68110,t,ct_killed,,not_planted,G2 Esports,Virtus.pro,Virtus.pro,26000,25600,2,0,Full Buy,Full Buy,ct,g2-vs-virtus-pro-m1-inferno.dem
9,68110,71705,77260,77580,t,ct_killed,75421,bombsite_b,G2 Esports,Virtus.pro,Virtus.pro,7000,24050,3,0,Semi-Eco,Full Buy,t,g2-vs-virtus-pro-m1-inferno.dem
10,77580,81171,86331,86651,t,ct_killed,85321,bombsite_b,G2 Esports,Virtus.pro,Virtus.pro,25400,26300,4,0,Full Buy,Full Buy,ct,g2-vs-virtus-pro-m1-inferno.dem
11,86651,87931,91205,91525,ct,t_killed,,not_planted,G2 Esports,Virtus.pro,G2 Esports,9800,26400,5,0,Semi-Eco,Full Buy,t,g2-vs-virtus-pro-m1-inferno.dem
12,91525,92805,102294,102838,t,bomb_exploded,99670,bombsite_b,G2 Esports,Virtus.pro,Virtus.pro,29800,26500,3,1,Full Buy,Full Buy,ct,g2-vs-virtus-pro-m1-inferno.dem
13,102838,117223,122763,123083,ct,bomb_defused,120797,bombsite_b,Virtus.pro,G2 Esports,Virtus.pro,3950,4200,1,1,Pistol,Pistol,t,g2-vs-virtus-pro-m1-inferno.dem
14,123083,124363,133762,134082,t,bomb_exploded,131138,bombsite_b,Virtus.pro,G2 Esports,G2 Esports,19750,13600,0,2,Semi-Buy,Semi-Buy,t,g2-vs-virtus-pro-m1-inferno.dem
15,134082,135362,144853,145173,t,bomb_exploded,142229,bombsite_b,Virtus.pro,G2 Esports,G2 Esports,11500,23150,1,0,Semi-Buy,Full Buy,ct,g2-vs-virtus-pro-m1-inferno.dem
16,145173,146453,154351,154671,t,bomb_exploded,151727,bombsite_b,Virtus.pro,G2 Esports,G2 Esports,5350,25900,2,0,Semi-Eco,Full Buy,ct,g2-vs-virtus-pro-m1-inferno.dem
17,154671,155951,165003,165323,t,bomb_exploded,162379,bombsite_b,Virtus.pro,G2 Esports,G2 Esports,26250,25800,3,0,Full Buy,Full Buy,t,g2-vs-virtus-pro-m1-inferno.dem
18,165323,168875,176235,176555,ct,time_ran_out,,not_planted,Virtus.pro,G2 Esports,Virtus.pro,23800,25800,4,0,Full Buy,Full Buy,ct,g2-vs-virtus-pro-m1-inferno.dem
19,176555,177835,184278,184598,ct,t_killed,,not_planted,Virtus.pro,G2 Esports,Virtus.pro,28050,24900,2,1,Full Buy,Full Buy,ct,g2-vs-virtus-pro-m1-inferno.dem
20,184598,185878,188250,188570,ct,t_killed,,not_planted,Virtus.pro,G2 Esports,Virtus.pro,27350,6900,1,2,Full Buy,Semi-Eco,ct,g2-vs-virtus-pro-m1-inferno.dem
21,188570,191977,197600,197920,ct,t_killed,,not_planted,Virtus.pro,G2 Esports,Virtus.pro,28850,21900,0,3,Full Buy,Full Buy,ct,g2-vs-virtus-pro-m1-inferno.dem
22,197920,199200,205846,205846,ct,t_killed,,not_planted,Virtus.pro,G2 Esports,Virtus.pro,30750,17250,0,4,Full Buy,Semi-Buy,t,g2-vs-virtus-pro-m1-inferno.dem
1,1,1264,3871,4191,ct,t_killed,,not_planted,Virtus.pro,G2 Esports,Virtus.pro,4000,4300,0,0,Pistol,Pistol,t,g2-vs-virtus-pro-m2-mirage.dem
2,4191,5471,10289,10609,ct,t_killed,,not_planted,Virtus.pro,G2 Esports,Virtus.pro,17950,2100,0,2,Semi-Buy,Full Eco,ct,g2-vs-virtus-pro-m2-mirage.dem
3,10609,11889,21141,21461,t,bomb_exploded,18517,bombsite_b,Virtus.pro,G2 Esports,G2 Esports,26000,22100,0,3,Full Buy,Full Buy,t,g2-vs-virtus-pro-m2-mirage.dem
4,21461,22741,29064,29384,ct,t_killed,,not_planted,Virtus.pro,G2 Esports,Virtus.pro,25150,24700,1,1,Full Buy,Full Buy,t,g2-vs-virtus-pro-m2-mirage.dem
5,29384,37753,42527,42847,t,ct_killed,,not_planted,Virtus.pro,G2 Esports,G2 Esports,27250,16150,0,2,Full Buy,Semi-Buy,ct,g2-vs-virtus-pro-m2-mirage.dem
6,42847,44127,53388,53708,t,bomb_exploded,50764,bombsite_b,Virtus.pro,G2 Esports,G2 Esports,15550,24150,1,0,Semi-Buy,Full Buy,t,g2-vs-virtus-pro-m2-mirage.dem
7,53708,54988,60438,60758,ct,bomb_defused,59326,bombsite_b,Virtus.pro,G2 Esports,Virtus.pro,14550,26550,2,0,Semi-Buy,Full Buy,t,g2-vs-virtus-pro-m2-mirage.dem
8,60758,62038,65976,66295,ct,t_killed,,not_planted,Virtus.pro,G2 Esports,Virtus.pro,30350,16200,0,1,Full Buy,Semi-Buy,ct,g2-vs-virtus-pro-m2-mirage.dem
9,66295,67575,71145,71465,ct,t_killed,,not_planted,Virtus.pro,G2 Esports,Virtus.pro,30950,1500,0,2,Full Buy,Full Eco,t,g2-vs-virtus-pro-m2-mirage.dem
10,71465,72745,77867,78187,ct,bomb_defused,75349,bombsite_b,Virtus.pro,G2 Esports,Virtus.pro,30950,24500,0,3,Full Buy,Full Buy,ct,g2-vs-virtus-pro-m2-mirage.dem
11,78187,81647,83906,84226,ct,bomb_defused,83136,bombsite_b,Virtus.pro,G2 Esports,Virtus.pro,31150,11900,0,4,Full Buy,Semi-Buy,t,g2-vs-virtus-pro-m2-mirage.dem
12,84226,85506,88765,89309,ct,t_killed,,not_planted,Virtus.pro,G2 Esports,Virtus.pro,31250,25900,0,5,Full Buy,Full Buy,ct,g2-vs-virtus-pro-m2-mirage.dem
13,89309,103656,108562,108882,ct,t_killed,,not_planted,G2 Esports,Virtus.pro,G2 Esports,4350,5000,1,1,Pistol,Pistol,t,g2-vs-virtus-pro-m2-mirage.dem
14,108882,110162,116898,117218,ct,t_killed,,not_planted,G2 Esports,Virtus.pro,G2 Esports,19500,1500,0,2,Semi-Buy,Full Eco,t,g2-vs-virtus-pro-m2-mirage.dem
15,117218,118498,123829,124149,ct,bomb_defused,121988,bombsite_b,G2 Esports,Virtus.pro,G2 Esports,24400,22500,0,3,Full Buy,Full Buy,ct,g2-vs-virtus-pro-m2-mirage.dem
16,124149,125429,130582,130902,ct,t_killed,,not_planted,G2 Esports,Virtus.pro,G2 Esports,28500,9500,0,4,Full Buy,Semi-Eco,ct,g2-vs-virtus-pro-m2-mirage.dem
17,130902,132182,141831,142151,t,bomb_exploded,139207,bombsite_b,G2 Esports,Virtus.pro,Virtus.pro,29000,25100,0,5,Full Buy,Full Buy,t,g2-vs-virtus-pro-m2-mirage.dem
18,142151,143431,150791,151111,ct,time_ran_out,,not_planted,G2 Esports,Virtus.pro,G2 Esports,29250,25100,1,3,Full Buy,Full Buy,ct,g2-vs-virtus-pro-m2-mirage.dem
19,151111,154859,161573,161893,ct,t_killed,,not_planted,G2 Esports,Virtus.pro,G2 Esports,31400,24500,0,4,Full Buy,Full Buy,ct,g2-vs-virtus-pro-m2-mirage.dem
20,161893,163173,170533,170853,ct,time_ran_out,,not_planted,G2 Esports,Virtus.pro,G2 Esports,31700,22600,0,5,Full Buy,Full Buy,ct,g2-vs-virtus-pro-m2-mirage.dem
21,170853,172133,178670,178990,ct,bomb_defused,176925,bombsite_b,G2 Esports,Virtus.pro,G2 Esports,31800,12150,0,6,Full Buy,Semi-Buy,ct,g2-vs-virtus-pro-m2-mirage.dem
22,178990,180270,188355,188675,t,bomb_exploded,185731,bombsite_b,G2 Esports,Virtus.pro,Virtus.pro,33100,24800,0,7,Full Buy,Full Buy,t,g2-vs-virtus-pro-m2-mirage.dem
23,188675,189955,196187,196507,t,bomb_exploded,193563,bombsite_b,G2 Esports,Virtus.pro,Virtus.pro,30800,24700,1,3,Full Buy,Full Buy,t,g2-vs-virtus-pro-m2-mirage.dem
24,196507,200093,205529,206073,ct,t_killed,,not_planted,G2 Esports,Virtus.pro,G2 Esports,33450,25700,2,2,Full Buy,Full Buy,t,g2-vs-virtus-pro-m2-mirage.dem
25,206073,207353,214713,215033,ct,time_ran_out,,not_planted,G2 Esports,Virtus.pro,G2 Esports,29550,27450,1,1,Full Buy,Full Buy,t,g2-vs-virtus-pro-m2-mirage.dem
26,215033,216313,224773,225093,t,ct_killed,222881,bombsite_b,G2 Esports,Virtus.pro,Virtus.pro,30150,27550,0,2,Full Buy,Full Buy,ct,g2-vs-virtus-pro-m2-mirage.dem
27,225093,229191,234755,235299,t,ct_killed,233512,bombsite_b,G2 Esports,Virtus.pro,Virtus.pro,30800,28050,1,0,Full Buy,Full Buy,t,g2-vs-virtus-pro-m2-mirage.dem
28,235299,239025,246966,247286,t,ct_killed,244399,bombsite_b,Virtus.pro,G2 Esports,G2 Esports,28650,27150,1,1,Full Buy,Full Buy,t,g2-vs-virtus-pro-m2-mirage.dem
29,247286,248566,255926,256246,ct,time_ran_out,,not_planted,Virtus.pro,G2 Esports,Virtus.pro,29300,27750,2,0,Full Buy,Full Buy,ct,g2-vs-virtus-pro-m2-mirage.dem
30,256246,257526,263947,263947,ct,t_killed,,not_planted,Virtus.pro,G2 Esports,Virtus.pro,30900,27850,0,1,Full Buy,Full Buy,ct,g2-vs-virtus-pro-m2-mirage.dem
1,1,1266,7920,8240,ct,t_killed,,not_planted,GamerLegion,Astralis,GamerLegion,4250,5550,0,0,Pistol,Pistol,t,gamerlegion-vs-astralis-m1-nuke-p1.dem
2,8240,9520,12398,12718,t,ct_killed,,not_planted,GamerLegion,Astralis,Astralis,20700,10450,0,2,Full Buy,Semi-Buy,ct,gamerlegion-vs-astralis-m1-nuke-p1.dem
3,12718,13998,21061,21381,ct,t_killed,,not_planted,GamerLegion,Astralis,GamerLegion,7450,25250,1,0,Semi-Eco,Full Buy,t,gamerlegion-vs-astralis-m1-nuke-p1.dem
4,21381,22661,32056,32376,t,bomb_exploded,29432,bombsite_b,GamerLegion,Astralis,Astralis,23500,14050,0,1,Full Buy,Semi-Buy,t,gamerlegion-vs-astralis-m1-nuke-p1.dem
5,32376,33656,41180,41500,t,ct_killed,40782,bombsite_b,GamerLegion,Astralis,Astralis,12900,26100,1,0,Semi-Buy,Full Buy,ct,gamerlegion-vs-astralis-m1-nuke-p1.dem
6,41500,42780,48689,49009,t,ct_killed,47091,bombsite_b,GamerLegion,Astralis,Astralis,1100,23150,2,0,Full Eco,Full Buy,t,gamerlegion-vs-astralis-m1-nuke-p1.dem
7,49009,52526,58375,58695,ct,t_killed,,not_planted,GamerLegion,Astralis,GamerLegion,24400,23750,3,0,Full Buy,Full Buy,t,gamerlegion-vs-astralis-m1-nuke-p1.dem
8,58695,59975,67738,68058,ct,bomb_defused,66582,bombsite_b,GamerLegion,Astralis,GamerLegion,25200,25000,1,1,Full Buy,Full Buy,ct,gamerlegion-vs-astralis-m1-nuke-p1.dem
1,7,2008,7933,8253,ct,t_killed,,not_planted,GamerLegion,Astralis,GamerLegion,29000,20650,0,0,Pistol,Pistol,t,gamerlegion-vs-astralis-m1-nuke-p2.dem
2,8253,9533,14278,14598,ct,t_killed,,not_planted,GamerLegion,Astralis,GamerLegion,29000,3800,0,3,Full Buy,Full Eco,ct,gamerlegion-vs-astralis-m1-nuke-p2.dem
3,14598,18549,25090,25410,t,ct_killed,23603,bombsite_b,GamerLegion,Astralis,Astralis,29600,24200,0,4,Full Buy,Full Buy,t,gamerlegion-vs-astralis-m1-nuke-p2.dem
4,25410,26690,33078,33622,ct,t_killed,,not_planted,GamerLegion,Astralis,GamerLegion,21400,24100,1,2,Full Buy,Full Buy,t,gamerlegion-vs-astralis-m1-nuke-p2.dem
5,33622,47881,52003,52323,ct,t_killed,,not_planted,Astralis,GamerLegion,Astralis,4000,3550,1,1,Full Eco,Full Eco,ct,gamerlegion-vs-astralis-m1-nuke-p2.dem
6,52323,53603,58229,58549,ct,t_killed,,not_planted,Astralis,GamerLegion,Astralis,20850,1500,0,2,Full Buy,Full Eco,t,gamerlegion-vs-astralis-m1-nuke-p2.dem
7,58549,59829,66161,66481,t,ct_killed,65005,bombsite_b,Astralis,GamerLegion,GamerLegion,23850,23000,0,3,Full Buy,Full Buy,t,gamerlegion-vs-astralis-m1-nuke-p2.dem
8,66481,67761,75835,76155,t,ct_killed,74216,bombsite_b,Astralis,GamerLegion,GamerLegion,24000,23750,1,1,Full Buy,Full Buy,ct,gamerlegion-vs-astralis-m1-nuke-p2.dem
9,76155,77435,83532,83852,t,ct_killed,82055,bombsite_b,Astralis,GamerLegion,GamerLegion,1700,25750,2,0,Full Eco,Full Buy,t,gamerlegion-vs-astralis-m1-nuke-p2.dem
10,83852,87617,93815,94135,t,ct_killed,92397,bombsite_b,Astralis,GamerLegion,GamerLegion,21900,26250,3,0,Full Buy,Full Buy,ct,gamerlegion-vs-astralis-m1-nuke-p2.dem
11,94135,95415,102922,103242,t,ct_killed,102487,bombsite_b,Astralis,GamerLegion,GamerLegion,7450,27450,4,0,Semi-Eco,Full Buy,t,gamerlegion-vs-astralis-m1-nuke-p2.dem
12,103242,104522,109883,109883,t,ct_killed,108813,bombsite_b,Astralis,GamerLegion,GamerLegion,27250,27750,5,0,Full Buy,Full Buy,ct,gamerlegion-vs-astralis-m1-nuke-p2.dem
1,1,1266,4138,4458,t,ct_killed,3498,bombsite_b,Astralis,GamerLegion,GamerLegion,4300,4200,0,0,Pistol,Pistol,t,gamerlegion-vs-astralis-m2-mirage.dem
2,4458,5738,14730,15050,t,bomb_exploded,12106,bombsite_b,Astralis,GamerLegion,GamerLegion,10000,19950,2,0,Semi-Buy,Semi-Buy,ct,gamerlegion-vs-astralis-m2-mirage.dem
3,15050,19318,22907,23227,t,ct_killed,21893,bombsite_b,Astralis,GamerLegion,GamerLegion,6100,23400,3,0,Semi-Eco,Full Buy,t,gamerlegion-vs-astralis-m2-mirage.dem
4,23227,24507,27396,27716,t,ct_killed,26671,bombsite_b,Astralis,GamerLegion,GamerLegion,25250,23400,4,0,Full Buy,Full Buy,t,gamerlegion-vs-astralis-m2-mirage.dem
5,27716,28996,34952,35272,t,ct_killed,34495,bombsite_b,Astralis,GamerLegion,GamerLegion,8200,26100,5,0,Semi-Eco,Full Buy,ct,gamerlegion-vs-astralis-m2-mirage.dem
6,35272,41096,46136,46456,ct,t_killed,,not_planted,Astralis,GamerLegion,Astralis,27700,25900,6,0,Full Buy,Full Buy,t,gamerlegion-vs-astralis-m2-mirage.dem
7,46456,47736,52404,52724,t,bomb_exploded,49780,bombsite_b,Astralis,GamerLegion,GamerLegion,24900,27150,3,1,Full Buy,Full Buy,t,gamerlegion-vs-astralis-m2-mirage.dem
8,52724,54004,61793,62113,t,bomb_exploded,59169,bombsite_b,Astralis,GamerLegion,GamerLegion,25700,27450,4,0,Full Buy,Full Buy,ct,gamerlegion-vs-astralis-m2-mirage.dem
9,62113,63393,67488,67808,t,ct_killed,65561,bombsite_b,Astralis,GamerLegion,GamerLegion,24650,27450,5,0,Full Buy,Full Buy,t,gamerlegion-vs-astralis-m2-mirage.dem
10,67808,69088,71372,71692,t,ct_killed,,not_planted,Astralis,GamerLegion,GamerLegion,10550,27750,6,0,Semi-Buy,Full Buy,ct,gamerlegion-vs-astralis-m2-mirage.dem
11,71692,74892,82178,82498,ct,t_killed,,not_planted,Astralis,GamerLegion,Astralis,29200,27750,7,0,Full Buy,Full Buy,t,gamerlegion-vs-astralis-m2-mirage.dem
12,82498,86184,92533,93077,ct,t_killed,,not_planted,Astralis,GamerLegion,Astralis,31400,27950,3,1,Full Buy,Full Buy,ct,gamerlegion-vs-astralis-m2-mirage.dem
13,93077,106888,110393,110713,t,ct_killed,,not_planted,GamerLegion,Astralis,Astralis,4200,4350,1,1,Pistol,Pistol,t,gamerlegion-vs-astralis-m2-mirage.dem
14,110713,111993,115984,116304,t,ct_killed,,not_planted,GamerLegion,Astralis,Astralis,12550,19500,2,0,Semi-Buy,Semi-Buy,t,gamerlegion-vs-astralis-m2-mirage.dem
15,116304,117584,121546,121866,t,ct_killed,119798,bombsite_b,GamerLegion,Astralis,Astralis,2000,21750,3,0,Full Eco,Full Buy,ct,gamerlegion-vs-astralis-m2-mirage.dem
16,121866,123146,127004,127324,ct,t_killed,,not_planted,GamerLegion,Astralis,GamerLegion,26800,23900,4,0,Full Buy,Full Buy,ct,gamerlegion-vs-astralis-m2-mirage.dem
17,127324,128604,137523,137843,t,bomb_exploded,134899,bombsite_b,GamerLegion,Astralis,Astralis,26700,22000,2,1,Full Buy,Full Buy,t,gamerlegion-vs-astralis-m2-mirage.dem
18,137843,139123,145302,145622,ct,t_killed,,not_planted,GamerLegion,Astralis,GamerLegion,26350,22600,3,0,Full Buy,Full Buy,ct,gamerlegion-vs-astralis-m2-mirage.dem
19,145622,149792,155277,155597,ct,bomb_defused,154442,bombsite_b,GamerLegion,Astralis,GamerLegion,28650,20500,1,1,Full Buy,Full Buy,ct,gamerlegion-vs-astralis-m2-mirage.dem
20,155597,156877,163504,163504,ct,bomb_defused,161597,bombsite_b,GamerLegion,Astralis,GamerLegion,29550,14300,0,2,Full Buy,Semi-Buy,ct,gamerlegion-vs-astralis-m2-mirage.dem
1,1,1266,9048,9368,t,bomb_exploded,6424,bombsite_b,Team Spirit,GamerLegion,GamerLegion,4050,4000,0,0,Pistol,Pistol,t,gamerlegion-vs-spirit-m1-anubis-p1.dem
2,9368,10648,12837,13157,ct,t_killed,,not_planted,Team Spirit,GamerLegion,Team Spirit,11250,21650,2,0,Semi-Buy,Full Buy,ct,gamerlegion-vs-spirit-m1-anubis-p1.dem
3,13157,14437,19278,19598,ct,t_killed,,not_planted,Team Spirit,GamerLegion,Team Spirit,24400,8000,0,1,Full Buy,Semi-Eco,t,gamerlegion-vs-spirit-m1-anubis-p1.dem
4,19598,20878,26452,26772,ct,t_killed,,not_planted,Team Spirit,GamerLegion,Team Spirit,24200,1500,0,2,Full Buy,Full Eco,t,gamerlegion-vs-spirit-m1-anubis-p1.dem
5,26772,28052,36336,36656,t,ct_killed,35220,bombsite_b,Team Spirit,GamerLegion,GamerLegion,28800,22200,0,3,Full Buy,Full Buy,ct,gamerlegion-vs-spirit-m1-anubis-p1.dem
6,36656,40664,49791,50111,t,bomb_exploded,47167,bombsite_b,Team Spirit,GamerLegion,GamerLegion,23250,25000,1,1,Full Buy,Full Buy,t,gamerlegion-vs-spirit-m1-anubis-p1.dem
7,50111,51391,56809,57129,t,ct_killed,55270,bombsite_b,Team Spirit,GamerLegion,GamerLegion,6100,27450,2,0,Semi-Eco,Full Buy,t,gamerlegion-vs-spirit-m1-anubis-p1.dem
1,7,4498,11858,12178,ct,time_ran_out,,not_planted,Team Spirit,GamerLegion,Team Spirit,22350,27350,0,0,Pistol,Pistol,t,gamerlegion-vs-spirit-m1-anubis-p2.dem
2,12178,13458,20337,20657,ct,t_killed,,not_planted,Team Spirit,GamerLegion,Team Spirit,25150,27550,1,1,Full Buy,Full Buy,ct,gamerlegion-vs-spirit-m1-anubis-p2.dem
3,20657,24852,33200,33520,t,bomb_exploded,30576,bombsite_b,Team Spirit,GamerLegion,GamerLegion,29250,8500,0,2,Full Buy,Semi-Eco,t,gamerlegion-vs-spirit-m1-anubis-p2.dem
4,33520,37332,44268,44588,t,bomb_exploded,41644,bombsite_b,Team Spirit,GamerLegion,GamerLegion,18800,27700,1,0,Semi-Buy,Full Buy,t,gamerlegion-vs-spirit-m1-anubis-p2.dem
5,44588,45868,52696,53240,t,ct_killed,51742,bombsite_b,Team Spirit,GamerLegion,GamerLegion,20800,28050,2,0,Full Buy,Full Buy,ct,gamerlegion-vs-spirit-m1-anubis-p2.dem
6,53240,67464,73886,74206,ct,t_killed,,not_planted,GamerLegion,Team Spirit,GamerLegion,4600,4250,1,1,Full Eco,Full Eco,t,gamerlegion-vs-spirit-m1-anubis-p2.dem
7,74206,75486,80620,80940,ct,t_killed,,not_planted,GamerLegion,Team Spirit,GamerLegion,19400,1500,0,2,Semi-Buy,Full Eco,t,gamerlegion-vs-spirit-m1-anubis-p2.dem
8,80940,82220,89580,89900,ct,time_ran_out,,not_planted,GamerLegion,Team Spirit,GamerLegion,24050,22300,0,3,Full Buy,Full Buy,ct,gamerlegion-vs-spirit-m1-anubis-p2.dem
9,89900,91180,96590,96910,ct,t_killed,,not_planted,GamerLegion,Team Spirit,GamerLegion,28950,14800,0,4,Full Buy,Semi-Buy,t,gamerlegion-vs-spirit-m1-anubis-p2.dem
10,96910,100194,106343,106663,t,ct_killed,106145,bombsite_b,GamerLegion,Team Spirit,Team Spirit,30450,19350,0,5,Full Buy,Semi-Buy,ct,gamerlegion-vs-spirit-m1-anubis-p2.dem
11,106663,107943,111419,111739,t,ct_killed,110983,bombsite_b,GamerLegion,Team Spirit,Team Spirit,23850,23800,1,3,Full Buy,Full Buy,t,gamerlegion-vs-spirit-m1-anubis-p2.dem
12,111739,113019,116890,117210,t,ct_killed,,not_planted,GamerLegion,Team Spirit,Team Spirit,1000,23950,2,2,Full Eco,Full Buy,ct,gamerlegion-vs-spirit-m1-anubis-p2.dem
13,117210,118490,127336,127656,ct,bomb_defused,125672,bombsite_b,GamerLegion,Team Spirit,GamerLegion,24050,25600,3,1,Pistol,Pistol,t,gamerlegion-vs-spirit-m1-anubis-p2.dem
14,127656,128936,137743,138063,t,bomb_exploded,135119,bombsite_b,GamerLegion,Team Spirit,Team Spirit,27200,27350,1,2,Full Buy,Full Buy,t,gamerlegion-vs-spirit-m1-anubis-p2.dem
15,138063,139343,146602,146922,t,bomb_exploded,143978,bombsite_b,GamerLegion,Team Spirit,Team Spirit,10950,26100,2,0,Semi-Buy,Full Buy,ct,gamerlegion-vs-spirit-m1-anubis-p2.dem
16,146922,150594,159156,159476,t,bomb_exploded,156532,bombsite_b,GamerLegion,Team Spirit,Team Spirit,25400,27650,3,0,Full Buy,Full Buy,ct,gamerlegion-vs-spirit-m1-anubis-p2.dem
17,159476,160756,165936,165936,ct,bomb_defused,163763,bombsite_b,GamerLegion,Team Spirit,GamerLegion,28850,27950,4,0,Full Buy,Full Buy,t,gamerlegion-vs-spirit-m1-anubis-p2.dem
1,1,1266,5964,6284,t,bomb_exploded,3340,bombsite_b,Team Spirit,GamerLegion,GamerLegion,4350,4300,0,0,Pistol,Pistol,t,gamerlegion-vs-spirit-m2-ancient-p1.dem
2,6284,7564,15327,15647,ct,bomb_defused,13871,bombsite_b,Team Spirit,GamerLegion,Team Spirit,11250,19450,2,0,Semi-Buy,Semi-Buy,ct,gamerlegion-vs-spirit-m2-ancient-p1.dem
3,15647,16927,19304,19624,ct,t_killed,,not_planted,Team Spirit,GamerLegion,Team Spirit,24950,11950,0,1,Full Buy,Semi-Buy,t,gamerlegion-vs-spirit-m2-ancient-p1.dem
4,19624,20904,23380,23700,ct,t_killed,,not_planted,Team Spirit,GamerLegion,Team Spirit,26150,1000,0,2,Full Buy,Full Eco,t,gamerlegion-vs-spirit-m2-ancient-p1.dem
5,23700,24980,30950,31270,ct,t_killed,,not_planted,Team Spirit,GamerLegion,Team Spirit,30050,22900,0,3,Full Buy,Full Buy,ct,gamerlegion-vs-spirit-m2-ancient-p1.dem
6,31270,32550,34899,35219,ct,t_killed,,not_planted,Team Spirit,GamerLegion,Team Spirit,29850,7800,0,4,Full Buy,Semi-Eco,t,gamerlegion-vs-spirit-m2-ancient-p1.dem
7,35219,38697,47426,47746,ct,bomb_defused,45254,bombsite_b,Team Spirit,GamerLegion,Team Spirit,30450,25300,0,5,Full Buy,Full Buy,t,gamerlegion-vs-spirit-m2-ancient-p1.dem
1,7,4487,9455,9775,ct,t_killed,,not_planted,Team Spirit,GamerLegion,Team Spirit,30650,22800,0,0,Pistol,Pistol,t,gamerlegion-vs-spirit-m2-ancient-p2.dem
2,9775,11055,16629,16949,ct,t_killed,,not_planted,Team Spirit,GamerLegion,Team Spirit,30250,12350,0,7,Full Buy,Semi-Buy,ct,gamerlegion-vs-spirit-m2-ancient-p2.dem
3,16949,18229,24237,24557,t,ct_killed,21856,bombsite_b,Team Spirit,GamerLegion,GamerLegion,30850,23900,0,8,Full Buy,Full Buy,t,gamerlegion-vs-spirit-m2-ancient-p2.dem
4,24557,28091,34893,35213,t,ct_killed,34584,bombsite_b,Team Spirit,GamerLegion,GamerLegion,29950,20000,1,3,Full Buy,Full Buy,t,gamerlegion-vs-spirit-m2-ancient-p2.dem
5,35213,36493,42756,43300,ct,t_killed,,not_planted,Team Spirit,GamerLegion,Team Spirit,26000,26050,2,2,Full Buy,Full Buy,ct,gamerlegion-vs-spirit-m2-ancient-p2.dem
6,43300,57526,61080,61400,ct,t_killed,,not_planted,GamerLegion,Team Spirit,GamerLegion,4200,5800,1,1,Full Eco,Semi-Eco,t,gamerlegion-vs-spirit-m2-ancient-p2.dem
7,61400,62680,66848,67168,t,ct_killed,65013,bombsite_b,GamerLegion,Team Spirit,Team Spirit,20100,10100,0,2,Full Buy,Semi-Buy,t,gamerlegion-vs-spirit-m2-ancient-p2.dem
8,67168,68448,70469,70789,t,ct_killed,,not_planted,GamerLegion,Team Spirit,Team Spirit,8250,23500,1,0,Semi-Eco,Full Buy,ct,gamerlegion-vs-spirit-m2-ancient-p2.dem
9,70789,72069,76833,77153,t,ct_killed,,not_planted,GamerLegion,Team Spirit,Team Spirit,1000,24250,2,0,Full Eco,Full Buy,t,gamerlegion-vs-spirit-m2-ancient-p2.dem
10,77153,78433,86526,86846,ct,bomb_defused,85227,bombsite_b,GamerLegion,Team Spirit,GamerLegion,22950,24250,3,0,Full Buy,Full Buy,ct,gamerlegion-vs-spirit-m2-ancient-p2.dem
11,86846,88126,97256,97576,ct,bomb_defused,95256,bombsite_b,GamerLegion,Team Spirit,GamerLegion,26700,24900,1,1,Full Buy,Full Buy,t,gamerlegion-vs-spirit-m2-ancient-p2.dem
12,97576,101649,109547,109547,t,ct_killed,108736,bombsite_b,GamerLegion,Team Spirit,Team Spirit,28650,24400,0,2,Full Buy,Full Buy,ct,gamerlegion-vs-spirit-m2-ancient-p2.dem
1,1,1264,3850,4170,ct,t_killed,,not_planted,Team Spirit,GamerLegion,Team Spirit,4200,4300,0,0,Pistol,Pistol,t,gamerlegion-vs-spirit-m3-nuke-p3.dem
2,4170,5450,10797,11117,ct,bomb_defused,8727,bombsite_b,Team Spirit,GamerLegion,Team Spirit,19750,9700,0,2,Semi-Buy,Semi-Eco,ct,gamerlegion-vs-spirit-m3-nuke-p3.dem
3,11117,12397,17136,17456,t,bomb_exploded,14512,bombsite_b,Team Spirit,GamerLegion,GamerLegion,28550,9300,0,3,Full Buy,Semi-Eco,t,gamerlegion-vs-spirit-m3-nuke-p3.dem
4,17456,20950,29036,29356,t,ct_killed,27070,bombsite_b,Team Spirit,GamerLegion,GamerLegion,17700,25700,1,1,Semi-Buy,Full Buy,t,gamerlegion-vs-spirit-m3-nuke-p3.dem
5,29356,30636,32821,33141,t,ct_killed,,not_planted,Team Spirit,GamerLegion,GamerLegion,1000,25900,2,0,Full Eco,Full Buy,ct,gamerlegion-vs-spirit-m3-nuke-p3.dem
6,33141,34421,41781,42101,ct,time_ran_out,,not_planted,Team Spirit,GamerLegion,Team Spirit,22800,25900,3,0,Full Buy,Full Buy,t,gamerlegion-vs-spirit-m3-nuke-p3.dem
7,42101,45802,53636,53956,t,bomb_exploded,51012,bombsite_b,Team Spirit,GamerLegion,GamerLegion,25900,27350,1,1,Full Buy,Full Buy,t,gamerlegion-vs-spirit-m3-nuke-p3.dem
8,53956,55236,62335,62655,ct,t_killed,,not_planted,Team Spirit,GamerLegion,Team Spirit,25100,27450,2,0,Full Buy,Full Buy,ct,gamerlegion-vs-spirit-m3-nuke-p3.dem
9,62655,63935,71740,72060,ct,bomb_defused,70617,bombsite_b,Team Spirit,GamerLegion,Team Spirit,27350,27050,0,1,Full Buy,Full Buy,t,gamerlegion-vs-spirit-m3-nuke-p3.dem
10,72060,73340,76828,77148,ct,t_killed,,not_planted,Team Spirit,GamerLegion,Team Spirit,28900,18650,0,2,Full Buy,Semi-Buy,ct,gamerlegion-vs-spirit-m3-nuke-p3.dem
11,77148,78428,79715,80035,ct,t_killed,,not_planted,Team Spirit,GamerLegion,Team Spirit,27900,4250,0,3,Full Buy,Full Eco,t,gamerlegion-vs-spirit-m3-nuke-p3.dem
12,80035,83950,90881,91425,ct,t_killed,,not_planted,Team Spirit,GamerLegion,Team Spirit,31650,25000,0,4,Full Buy,Full Buy,ct,gamerlegion-vs-spirit-m3-nuke-p3.dem
13,91425,105622,108687,109006,t,ct_killed,107684,bombsite_b,GamerLegion,Team Spirit,Team Spirit,4700,6000,1,1,Pistol,Pistol,t,gamerlegion-vs-spirit-m3-nuke-p3.dem
14,109006,110286,118642,118962,t,ct_killed,116462,bombsite_b,GamerLegion,Team Spirit,Team Spirit,10300,19650,2,0,Semi-Buy,Semi-Buy,t,gamerlegion-vs-spirit-m3-nuke-p3.dem
15,118962,120242,122138,122458,t,ct_killed,,not_planted,GamerLegion,Team Spirit,Team Spirit,1400,23150,3,0,Full Eco,Full Buy,ct,gamerlegion-vs-spirit-m3-nuke-p3.dem
16,122458,126584,136256,136576,t,bomb_exploded,133632,bombsite_b,GamerLegion,Team Spirit,Team Spirit,27850,24150,4,0,Full Buy,Full Buy,ct,gamerlegion-vs-spirit-m3-nuke-p3.dem
17,136576,137856,143352,143352,t,ct_killed,,not_planted,GamerLegion,Team Spirit,Team Spirit,23050,25800,5,0,Full Buy,Full Buy,t,gamerlegion-vs-spirit-m3-nuke-p3.dem
1,1,1267,3830,4150,ct,t_killed,,not_planted,The MongolZ,GamerLegion,The MongolZ,4300,4850,0,0,Pistol,Pistol,t,gamerlegion-vs-the-mongolz-m1-nuke.dem
2,4150,5430,9320,9640,ct,t_killed,,not_planted,The MongolZ,GamerLegion,The MongolZ,20100,1500,0,2,Full Buy,Full Eco,ct,gamerlegion-vs-the-mongolz-m1-nuke.dem
3,9640,10920,14676,14996,ct,t_killed,,not_planted,The MongolZ,GamerLegion,The MongolZ,29200,22300,0,3,Full Buy,Full Buy,t,gamerlegion-vs-the-mongolz-m1-nuke.dem
4,14996,16276,18579,18899,ct,t_killed,,not_planted,The MongolZ,GamerLegion,The MongolZ,29650,8250,0,4,Full Buy,Semi-Eco,t,gamerlegion-vs-the-mongolz-m1-nuke.dem
5,18899,20179,26267,26587,t,bomb_exploded,23643,bombsite_b,The MongolZ,GamerLegion,GamerLegion,30150,25300,0,5,Full Buy,Full Buy,ct,gamerlegion-vs-the-mongolz-m1-nuke.dem
6,26587,29836,36625,36945,t,ct_killed,34706,bombsite_b,The MongolZ,GamerLegion,GamerLegion,29400,24300,1,3,Full Buy,Full Buy,t,gamerlegion-vs-the-mongolz-m1-nuke.dem
7,36945,38225,41340,41660,ct,t_killed,,not_planted,The MongolZ,GamerLegion,The MongolZ,25600,23500,2,2,Full Buy,Full Buy,t,gamerlegion-vs-the-mongolz-m1-nuke.dem
8,41660,45588,47566,47886,ct,t_killed,,not_planted,The MongolZ,GamerLegion,The MongolZ,27600,16100,0,3,Full Buy,Semi-Buy,ct,gamerlegion-vs-the-mongolz-m1-nuke.dem
9,47886,49166,57102,57422,t,bomb_exploded,54478,bombsite_b,The MongolZ,GamerLegion,GamerLegion,28250,8750,0,4,Full Buy,Semi-Eco,t,gamerlegion-vs-the-mongolz-m1-nuke.dem
10,57422,58702,63523,63843,ct,t_killed,,not_planted,The MongolZ,GamerLegion,The MongolZ,19450,26700,1,2,Semi-Buy,Full Buy,ct,gamerlegion-vs-the-mongolz-m1-nuke.dem
11,63843,65123,73140,73460,t,bomb_exploded,70516,bombsite_b,The MongolZ,GamerLegion,GamerLegion,22300,23750,0,3,Full Buy,Full Buy,t,gamerlegion-vs-the-mongolz-m1-nuke.dem
12,73460,77116,81342,81886,t,ct_killed,80624,bombsite_b,The MongolZ,GamerLegion,GamerLegion,16100,24400,1,1,Semi-Buy,Full Buy,ct,gamerlegion-vs-the-mongolz-m1-nuke.dem
13,81886,96235,98431,98751,ct,t_killed,,not_planted,GamerLegion,The MongolZ,GamerLegion,3600,4250,1,1,Pistol,Pistol,t,gamerlegion-vs-the-mongolz-m1-nuke.dem
14,98751,100031,102271,102591,ct,t_killed,,not_planted,GamerLegion,The MongolZ,GamerLegion,19950,1000,0,2,Semi-Buy,Full Eco,t,gamerlegion-vs-the-mongolz-m1-nuke.dem
15,102591,103871,107179,107499,ct,t_killed,,not_planted,GamerLegion,The MongolZ,GamerLegion,27700,23000,0,3,Full Buy,Full Buy,ct,gamerlegion-vs-the-mongolz-m1-nuke.dem
16,107499,108779,116389,116709,t,ct_killed,114997,bombsite_b,GamerLegion,The MongolZ,The MongolZ,28500,4850,0,4,Full Buy,Full Eco,ct,gamerlegion-vs-the-mongolz-m1-nuke.dem
17,116709,117989,125709,126029,t,ct_killed,123586,bombsite_b,GamerLegion,The MongolZ,The MongolZ,27800,27750,1,2,Full Buy,Full Buy,t,gamerlegion-vs-the-mongolz-m1-nuke.dem
18,126029,127309,131415,131735,t,ct_killed,,not_planted,GamerLegion,The MongolZ,The MongolZ,1100,28150,2,1,Full Eco,Full Buy,ct,gamerlegion-vs-the-mongolz-m1-nuke.dem
19,131735,135322,143384,143704,t,bomb_exploded,140760,bombsite_b,GamerLegion,The MongolZ,The MongolZ,24250,27750,3,0,Full Buy,Full Buy,ct,gamerlegion-vs-the-mongolz-m1-nuke.dem
20,143704,144984,147739,148059,ct,t_killed,,not_planted,GamerLegion,The MongolZ,GamerLegion,23400,27650,4,0,Full Buy,Full Buy,ct,gamerlegion-vs-the-mongolz-m1-nuke.dem
21,148059,151972,155116,155436,ct,t_killed,,not_planted,GamerLegion,The MongolZ,GamerLegion,28550,25100,2,1,Full Buy,Full Buy,ct,gamerlegion-vs-the-mongolz-m1-nuke.dem
22,155436,156716,165085,165405,t,bomb_exploded,162461,bombsite_b,GamerLegion,The MongolZ,The MongolZ,29550,24550,1,2,Full Buy,Full Buy,t,gamerlegion-vs-the-mongolz-m1-nuke.dem
23,165405,169084,175357,175357,t,ct_killed,173664,bombsite_b,GamerLegion,The MongolZ,The MongolZ,30850,27650,2,0,Full Buy,Full Buy,t,gamerlegion-vs-the-mongolz-m1-nuke.dem
1,1,1260,4948,5268,t,ct_killed,3081,bombsite_a,GamerLegion,The MongolZ,The MongolZ,4300,4600,0,0,Pistol,Pistol,t,gamerlegion-vs-the-mongolz-m2-mirage.dem
2,5268,6548,8841,9161,t,ct_killed,,not_planted,GamerLegion,The MongolZ,The MongolZ,11050,19350,2,0,Semi-Buy,Semi-Buy,ct,gamerlegion-vs-the-mongolz-m2-mirage.dem
3,9161,10441,14901,15221,t,ct_killed,14066,bombsite_a,GamerLegion,The MongolZ,The MongolZ,1900,20500,3,0,Full Eco,Full Buy,t,gamerlegion-vs-the-mongolz-m2-mirage.dem
4,15221,16501,24869,25189,ct,bomb_defused,22846,bombsite_a,GamerLegion,The MongolZ,GamerLegion,27000,26150,4,0,Full Buy,Full Buy,t,gamerlegion-vs-the-mongolz-m2-mirage.dem
5,25189,26469,30641,30961,t,ct_killed,30318,bombsite_a,GamerLegion,The MongolZ,The MongolZ,25400,27350,2,1,Full Buy,Full Buy,ct,gamerlegion-vs-the-mongolz-m2-mirage.dem
6,30961,32241,39219,39539,ct,t_killed,,not_planted,GamerLegion,The MongolZ,GamerLegion,2200,27450,3,0,Full Eco,Full Buy,t,gamerlegion-vs-the-mongolz-m2-mirage.dem
7,39539,40819,45283,45603,t,bomb_exploded,42659,bombsite_a,GamerLegion,The MongolZ,The MongolZ,28650,26150,1,1,Full Buy,Full Buy,t,gamerlegion-vs-the-mongolz-m2-mirage.dem
8,45603,49349,56824,57144,t,ct_killed,54380,bombsite_b,GamerLegion,The MongolZ,The MongolZ,11800,24650,2,0,Semi-Buy,Full Buy,ct,gamerlegion-vs-the-mongolz-m2-mirage.dem
9,57144,58424,64278,64598,t,ct_killed,63085,bombsite_b,GamerLegion,The MongolZ,The MongolZ,22100,28150,3,0,Full Buy,Full Buy,t,gamerlegion-vs-the-mongolz-m2-mirage.dem
10,64598,65878,68346,68666,t,ct_killed,,not_planted,GamerLegion,The MongolZ,The MongolZ,5800,27750,4,0,Semi-Eco,Full Buy,ct,gamerlegion-vs-the-mongolz-m2-mirage.dem
11,68666,72545,78858,79178,ct,t_killed,,not_planted,GamerLegion,The MongolZ,GamerLegion,28050,27750,5,0,Full Buy,Full Buy,t,gamerlegion-vs-the-mongolz-m2-mirage.dem
12,79178,82653,87296,87840,ct,t_killed,,not_planted,GamerLegion,The MongolZ,GamerLegion,25300,26100,3,1,Full Buy,Full Buy,ct,gamerlegion-vs-the-mongolz-m2-mirage.dem
13,87840,101602,105815,106135,ct,bomb_defused,103638,bombsite_a,The MongolZ,GamerLegion,The MongolZ,4300,4750,1,1,Pistol,Pistol,t,gamerlegion-vs-the-mongolz-m2-mirage.dem
14,106135,107415,111445,111765,ct,bomb_defused,109184,bombsite_a,The MongolZ,GamerLegion,The MongolZ,21550,14100,0,2,Full Buy,Semi-Buy,t,gamerlegion-vs-the-mongolz-m2-mirage.dem
15,111765,115977,122336,122656,ct,t_killed,,not_planted,The MongolZ,GamerLegion,The MongolZ,28400,8500,0,3,Full Buy,Semi-Eco,ct,gamerlegion-vs-the-mongolz-m2-mirage.dem
16,122656,123936,128666,128986,t,ct_killed,126555,bombsite_a,The MongolZ,GamerLegion,GamerLegion,30350,23500,0,4,Full Buy,Full Buy,ct,gamerlegion-vs-the-mongolz-m2-mirage.dem
17,128986,130266,136047,136367,ct,t_killed,,not_planted,The MongolZ,GamerLegion,The MongolZ,16750,27250,1,2,Semi-Buy,Full Buy,t,gamerlegion-vs-the-mongolz-m2-mirage.dem
18,136367,137647,146127,146127,ct,bomb_defused,144586,bombsite_a,The MongolZ,GamerLegion,The MongolZ,28450,21450,0,3,Full Buy,Full Buy,ct,gamerlegion-vs-the-mongolz-m2-mirage.dem
1,1,1265,4840,5160,t,ct_killed,3044,bombsite_b,Team Spirit,Team Liquid,Team Liquid,4200,4250,0,0,Pistol,Pistol,t,liquid-vs-spirit-m1-nuke-p1.dem
2,5160,6440,14243,14563,t,bomb_exploded,11619,bombsite_b,Team Spirit,Team Liquid,Team Liquid,10100,19100,2,0,Semi-Buy,Semi-Buy,ct,liquid-vs-spirit-m1-nuke-p1.dem
3,14563,15843,22056,22376,ct,t_killed,,not_planted,Team Spirit,Team Liquid,Team Spirit,11450,18300,3,0,Semi-Buy,Semi-Buy,t,liquid-vs-spirit-m1-nuke-p1.dem
4,22376,23656,30217,30537,t,bomb_exploded,27593,bombsite_b,Team Spirit,Team Liquid,Team Liquid,28750,20850,1,1,Full Buy,Full Buy,t,liquid-vs-spirit-m1-nuke-p1.dem
5,30537,34380,41740,42060,ct,time_ran_out,,not_planted,Team Spirit,Team Liquid,Team Spirit,21750,22950,2,0,Full Buy,Full Buy,ct,liquid-vs-spirit-m1-nuke-p1.dem
6,42060,43340,50159,50479,t,bomb_exploded,47535,bombsite_b,Team Spirit,Team Liquid,Team Liquid,28850,16500,0,1,Full Buy,Semi-Buy,t,liquid-vs-spirit-m1-nuke-p1.dem
7,50479,51759,59323,59643,t,ct_killed,58017,bombsite_b,Team Spirit,Team Liquid,Team Liquid,10350,26000,1,0,Semi-Buy,Full Buy,t,liquid-vs-spirit-m1-nuke-p1.dem
8,59643,60923,66916,67236,t,bomb_exploded,64292,bombsite_b,Team Spirit,Team Liquid,Team Liquid,23300,25200,2,0,Full Buy,Full Buy,ct,liquid-vs-spirit-m1-nuke-p1.dem
1,7,1553,8410,8730,ct,t_killed,,not_planted,Team Spirit,Team Liquid,Team Spirit,25850,27150,0,0,Pistol,Pistol,t,liquid-vs-spirit-m1-nuke-p2.dem
2,8730,10010,17370,17690,ct,time_ran_out,,not_planted,Team Spirit,Team Liquid,Team Spirit,27300,23700,1,1,Full Buy,Full Buy,ct,liquid-vs-spirit-m1-nuke-p2.dem
3,17690,18970,23130,23450,ct,t_killed,,not_planted,Team Spirit,Team Liquid,Team Spirit,27450,2150,0,2,Full Buy,Full Eco,t,liquid-vs-spirit-m1-nuke-p2.dem
4,23450,24730,31197,31741,ct,t_killed,,not_planted,Team Spirit,Team Liquid,Team Spirit,31150,23200,0,3,Full Buy,Full Buy,t,liquid-vs-spirit-m1-nuke-p2.dem
5,31741,45808,49207,49527,ct,bomb_defused,46961,bombsite_b,Team Liquid,Team Spirit,Team Liquid,4000,5050,1,1,Full Eco,Semi-Eco,ct,liquid-vs-spirit-m1-nuke-p2.dem
6,49527,50807,53803,54123,ct,t_killed,,not_planted,Team Liquid,Team Spirit,Team Liquid,20100,2350,0,2,Full Buy,Full Eco,t,liquid-vs-spirit-m1-nuke-p2.dem
7,54123,55403,60103,60423,ct,t_killed,,not_planted,Team Liquid,Team Spirit,Team Liquid,25750,24000,0,3,Full Buy,Full Buy,t,liquid-vs-spirit-m1-nuke-p2.dem
8,60423,63766,69620,69940,t,bomb_exploded,66996,bombsite_b,Team Liquid,Team Spirit,Team Spirit,28700,11950,0,4,Full Buy,Semi-Buy,ct,liquid-vs-spirit-m1-nuke-p2.dem
9,69940,71220,75416,75736,t,bomb_exploded,72792,bombsite_b,Team Liquid,Team Spirit,Team Spirit,28000,25250,1,2,Full Buy,Full Buy,t,liquid-vs-spirit-m1-nuke-p2.dem
10,75736,77016,81496,81816,t,bomb_exploded,78872,bombsite_b,Team Liquid,Team Spirit,Team Spirit,29000,25150,2,1,Full Buy,Full Buy,ct,liquid-vs-spirit-m1-nuke-p2.dem
11,81816,85216,93740,94060,t,bomb_exploded,91116,bombsite_b,Team Liquid,Team Spirit,Team Spirit,29700,27450,3,0,Full Buy,Full Buy,t,liquid-vs-spirit-m1-nuke-p2.dem
12,94060,97776,107401,107721,t,bomb_exploded,104777,bombsite_b,Team Liquid,Team Spirit,Team Spirit,26750,27550,4,0,Full Buy,Full Buy,ct,liquid-vs-spirit-m1-nuke-p2.dem
13,107721,109001,115342,115662,ct,t_killed,,not_planted,Team Liquid,Team Spirit,Team Liquid,27350,27550,5,0,Pistol,Pistol,t,liquid-vs-spirit-m1-nuke-p2.dem
14,115662,118862,127286,127606,t,bomb_exploded,124662,bombsite_b,Team Liquid,Team Spirit,Team Spirit,29150,25300,3,1,Full Buy,Full Buy,t,liquid-vs-spirit-m1-nuke-p2.dem
15,127606,131212,132825,132825,t,ct_killed,,not_planted,Team Liquid,Team Spirit,Team Spirit,28150,25200,4,0,Full Buy,Full Buy,ct,liquid-vs-spirit-m1-nuke-p2.dem
1,1,1265,4965,5285,t,ct_killed,,not_planted,Team Liquid,Team Spirit,Team Spirit,4900,4350,0,0,Pistol,Pistol,t,liquid-vs-spirit-m2-dust2.dem
2,5285,6565,13977,14297,t,ct_killed,11950,bombsite_b,Team Liquid,Team Spirit,Team Spirit,10900,18350,2,0,Semi-Buy,Semi-Buy,ct,liquid-vs-spirit-m2-dust2.dem
3,14297,15577,17113,17433,t,ct_killed,,not_planted,Team Liquid,Team Spirit,Team Spirit,4450,24300,3,0,Full Eco,Full Buy,t,liquid-vs-spirit-m2-dust2.dem
4,17433,18713,26073,26393,ct,time_ran_out,,not_planted,Team Liquid,Team Spirit,Team Liquid,25450,27150,4,0,Full Buy,Full Buy,t,liquid-vs-spirit-m2-dust2.dem
5,26393,27673,32774,33094,t,ct_killed,32260,bombsite_b,Team Liquid,Team Spirit,Team Spirit,27800,25650,2,1,Full Buy,Full Buy,ct,liquid-vs-spirit-m2-dust2.dem
6,33094,36528,40505,40825,t,ct_killed,,not_planted,Team Liquid,Team Spirit,Team Spirit,5550,27550,3,0,Semi-Eco,Full Buy,t,liquid-vs-spirit-m2-dust2.dem
7,40825,42105,51325,51645,t,bomb_exploded,48701,bombsite_b,Team Liquid,Team Spirit,Team Spirit,25850,25250,4,0,Full Buy,Full Buy,t,liquid-vs-spirit-m2-dust2.dem
8,51645,55656,59903,60223,ct,t_killed,,not_planted,Team Liquid,Team Spirit,Team Liquid,25950,27950,5,0,Full Buy,Full Buy,ct,liquid-vs-spirit-m2-dust2.dem
9,60223,63812,73283,73603,t,bomb_exploded,70659,bombsite_b,Team Liquid,Team Spirit,Team Spirit,29300,27350,3,1,Full Buy,Full Buy,t,liquid-vs-spirit-m2-dust2.dem
10,73603,74883,81592,81912,ct,t_killed,,not_planted,Team Liquid,Team Spirit,Team Liquid,26450,27450,4,0,Full Buy,Full Buy,ct,liquid-vs-spirit-m2-dust2.dem
11,81912,83192,90419,90739,t,bomb_exploded,87795,bombsite_b,Team Liquid,Team Spirit,Team Spirit,28850,25750,2,1,Full Buy,Full Buy,t,liquid-vs-spirit-m2-dust2.dem
12,90739,92019,99379,99924,ct,time_ran_out,,not_planted,Team Liquid,Team Spirit,Team Liquid,18600,23750,3,0,Semi-Buy,Full Buy,ct,liquid-vs-spirit-m2-dust2.dem
13,99924,113966,120845,121165,ct,t_killed,,not_planted,Team Spirit,Team Liquid,Team Spirit,5050,4250,1,1,Pistol,Pistol,t,liquid-vs-spirit-m2-dust2.dem
14,121165,122445,124214,124534,ct,t_killed,,not_planted,Team Spirit,Team Liquid,Team Spirit,19450,6300,0,2,Semi-Buy,Semi-Eco,t,liquid-vs-spirit-m2-dust2.dem
15,124534,125814,128025,128345,ct,t_killed,,not_planted,Team Spirit,Team Liquid,Team Spirit,26000,2500,0,3,Full Buy,Full Eco,ct,liquid-vs-spirit-m2-dust2.dem
16,128345,129625,135212,135532,t,bomb_exploded,132588,bombsite_b,Team Spirit,Team Liquid,Team Liquid,29500,24550,0,4,Full Buy,Full Buy,ct,liquid-vs-spirit-m2-dust2.dem
17,135532,136812,143077,143397,t,bomb_exploded,140453,bombsite_b,Team Spirit,Team Liquid,Team Liquid,27450,27450,1,2,Full Buy,Full Buy,t,liquid-vs-spirit-m2-dust2.dem
18,143397,146780,153948,154268,ct,t_killed,,not_planted,Team Spirit,Team Liquid,Team Spirit,26150,27450,2,1,Full Buy,Full Buy,ct,liquid-vs-spirit-m2-dust2.dem
19,154268,158438,165573,165893,t,bomb_exploded,162949,bombsite_b,Team Spirit,Team Liquid,Team Liquid,27700,26950,0,2,Full Buy,Full Buy,ct,liquid-vs-spirit-m2-dust2.dem
20,165893,167173,176022,176342,t,bomb_exploded,173398,bombsite_b,Team Spirit,Team Liquid,Team Liquid,24300,27350,1,0,Full Buy,Full Buy,ct,liquid-vs-spirit-m2-dust2.dem
21,176342,177622,181169,181169,ct,t_killed,,not_planted,Team Spirit,Team Liquid,Team Spirit,18650,27750,2,0,Semi-Buy,Full Buy,ct,liquid-vs-spirit-m2-dust2.dem
1,1,1263,9712,10032,ct,bomb_defused,7627,bombsite_b,MOUZ,GamerLegion,MOUZ,4450,4900,0,0,Pistol,Pistol,t,mouz-vs-gamerlegion-m1-inferno.dem
2,10032,11312,21016,21336,t,bomb_exploded,18392,bombsite_b,MOUZ,GamerLegion,GamerLegion,20450,14700,0,2,Full Buy,Semi-Buy,ct,mouz-vs-gamerlegion-m1-inferno.dem
3,21336,22616,29024,29344,ct,t_killed,,not_planted,MOUZ,GamerLegion,MOUZ,9150,20050,1,0,Semi-Eco,Full Buy,t,mouz-vs-gamerlegion-m1-inferno.dem
4,29344,30624,33927,34247,ct,t_killed,,not_planted,MOUZ,GamerLegion,MOUZ,22600,7100,0,1,Full Buy,Semi-Eco,t,mouz-vs-gamerlegion-m1-inferno.dem
5,34247,35527,37418,37738,ct,t_killed,,not_planted,MOUZ,GamerLegion,MOUZ,23850,1000,0,2,Full Buy,Full Eco,ct,mouz-vs-gamerlegion-m1-inferno.dem
6,37738,39018,46308,46628,t,ct_killed,45191,bombsite_b,MOUZ,GamerLegion,GamerLegion,28750,23200,0,3,Full Buy,Full Buy,t,mouz-vs-gamerlegion-m1-inferno.dem
7,46628,47908,54687,55007,t,ct_killed,53934,bombsite_b,MOUZ,GamerLegion,GamerLegion,26600,25200,1,1,Full Buy,Full Buy,t,mouz-vs-gamerlegion-m1-inferno.dem
8,55007,56287,63101,63421,t,bomb_exploded,60477,bombsite_b,MOUZ,GamerLegion,GamerLegion,1100,27550,2,0,Full Eco,Full Buy,ct,mouz-vs-gamerlegion-m1-inferno.dem
9,63421,66933,75855,76175,ct,bomb_defused,73648,bombsite_b,MOUZ,GamerLegion,MOUZ,24050,27550,3,0,Full Buy,Full Buy,t,mouz-vs-gamerlegion-m1-inferno.dem
10,76175,79839,85104,85424,t,ct_killed,84517,bombsite_b,MOUZ,GamerLegion,GamerLegion,24000,27350,1,1,Full Buy,Full Buy,ct,mouz-vs-gamerlegion-m1-inferno.dem
11,85424,86704,90415,90735,t,ct_killed,90083,bombsite_b,MOUZ,GamerLegion,GamerLegion,1950,24850,2,0,Full Eco,Full Buy,t,mouz-vs-gamerlegion-m1-inferno.dem
12,90735,92015,95358,95902,ct,t_killed,,not_planted,MOUZ,GamerLegion,MOUZ,23550,28050,3,0,Full Buy,Full Buy,ct,mouz-vs-gamerlegion-m1-inferno.dem
13,95902,110684,117336,117656,ct,bomb_defused,115255,bombsite_b,GamerLegion,MOUZ,GamerLegion,4500,5150,1,1,Pistol,Pistol,t,mouz-vs-gamerlegion-m1-inferno.dem
14,117656,118936,125688,126008,t,bomb_exploded,123064,bombsite_b,GamerLegion,MOUZ,MOUZ,18900,14650,0,2,Semi-Buy,Semi-Buy,t,mouz-vs-gamerlegion-m1-inferno.dem
15,126008,127288,130933,131253,ct,t_killed,,not_planted,GamerLegion,MOUZ,GamerLegion,11550,24300,1,0,Semi-Buy,Full Buy,ct,mouz-vs-gamerlegion-m1-inferno.dem
16,131253,132533,141044,141364,ct,bomb_defused,139508,bombsite_b,GamerLegion,MOUZ,GamerLegion,26700,15800,0,1,Full Buy,Semi-Buy,ct,mouz-vs-gamerlegion-m1-inferno.dem
17,141364,142644,146403,146723,ct,t_killed,,not_planted,GamerLegion,MOUZ,GamerLegion,28600,2650,0,2,Full Buy,Full Eco,t,mouz-vs-gamerlegion-m1-inferno.dem
18,146723,150197,155487,155807,ct,bomb_defused,152991,bombsite_b,GamerLegion,MOUZ,GamerLegion,28700,23800,0,3,Full Buy,Full Buy,ct,mouz-vs-gamerlegion-m1-inferno.dem
19,155807,157087,162545,162865,t,bomb_exploded,159921,bombsite_b,GamerLegion,MOUZ,MOUZ,30850,9200,0,4,Full Buy,Semi-Eco,ct,mouz-vs-gamerlegion-m1-inferno.dem
20,162865,166559,174308,174628,t,bomb_exploded,171684,bombsite_b,GamerLegion,MOUZ,MOUZ,29150,29050,1,2,Full Buy,Full Buy,ct,mouz-vs-gamerlegion-m1-inferno.dem
21,174628,175908,180761,181081,ct,t_killed,,not_planted,GamerLegion,MOUZ,GamerLegion,29500,28350,2,1,Full Buy,Full Buy,ct,mouz-vs-gamerlegion-m1-inferno.dem
22,181081,184403,189423,189423,ct,t_killed,,not_planted,GamerLegion,MOUZ,GamerLegion,29600,26950,0,2,Full Buy,Full Buy,t,mouz-vs-gamerlegion-m1-inferno.dem
1,1,1268,5557,5877,ct,bomb_defused,4083,bombsite_b,GamerLegion,MOUZ,GamerLegion,4300,4300,0,0,Pistol,Pistol,t,mouz-vs-gamerlegion-m2-mirage.dem
2,5877,7157,9394,9714,ct,t_killed,,not_planted,GamerLegion,MOUZ,GamerLegion,21200,15200,0,2,Full Buy,Semi-Buy,ct,mouz-vs-gamerlegion-m2-mirage.dem
3,9714,10994,15210,15530,ct,t_killed,,not_planted,GamerLegion,MOUZ,GamerLegion,22000,3500,0,3,Full Buy,Full Eco,t,mouz-vs-gamerlegion-m2-mirage.dem
4,15530,16810,26151,26471,t,bomb_exploded,23527,bombsite_b,GamerLegion,MOUZ,MOUZ,27700,24600,0,4,Full Buy,Full Buy,t,mouz-vs-gamerlegion-m2-mirage.dem
5,26471,27751,30494,30814,ct,t_killed,,not_planted,GamerLegion,MOUZ,GamerLegion,29150,19700,1,2,Full Buy,Semi-Buy,ct,mouz-vs-gamerlegion-m2-mirage.dem
6,30814,32094,35253,35573,ct,t_killed,,not_planted,GamerLegion,MOUZ,GamerLegion,29100,3650,0,3,Full Buy,Full Eco,t,mouz-vs-gamerlegion-m2-mirage.dem
7,35573,38859,45145,45465,ct,t_killed,,not_planted,GamerLegion,MOUZ,GamerLegion,30750,23900,0,4,Full Buy,Full Buy,t,mouz-vs-gamerlegion-m2-mirage.dem
8,45465,46745,50799,51119,ct,bomb_defused,49086,bombsite_b,GamerLegion,MOUZ,GamerLegion,28550,8450,0,5,Full Buy,Semi-Eco,ct,mouz-vs-gamerlegion-m2-mirage.dem
9,51119,54319,62667,62987,t,bomb_exploded,60043,bombsite_b,GamerLegion,MOUZ,MOUZ,29950,27650,0,6,Full Buy,Full Buy,t,mouz-vs-gamerlegion-m2-mirage.dem
10,62987,66597,71964,72284,t,bomb_exploded,69340,bombsite_b,GamerLegion,MOUZ,MOUZ,25700,27750,1,3,Full Buy,Full Buy,ct,mouz-vs-gamerlegion-m2-mirage.dem
11,72284,73564,78464,78784,t,ct_killed,77972,bombsite_b,GamerLegion,MOUZ,MOUZ,6150,27350,2,2,Semi-Eco,Full Buy,t,mouz-vs-gamerlegion-m2-mirage.dem
12,78784,80064,86445,86989,ct,bomb_defused,84437,bombsite_b,GamerLegion,MOUZ,GamerLegion,25100,28050,3,1,Full Buy,Full Buy,ct,mouz-vs-gamerlegion-m2-mirage.dem
13,86989,101153,104770,105090,t,ct_killed,,not_planted,MOUZ,GamerLegion,GamerLegion,4250,4400,1,1,Pistol,Pistol,t,mouz-vs-gamerlegion-m2-mirage.dem
14,105090,106370,111135,111455,t,bomb_exploded,108511,bombsite_b,MOUZ,GamerLegion,GamerLegion,11100,17550,2,0,Semi-Buy,Semi-Buy,t,mouz-vs-gamerlegion-m2-mirage.dem
15,111455,112735,115768,116088,ct,t_killed,,not_planted,MOUZ,GamerLegion,MOUZ,8200,21100,3,0,Semi-Eco,Full Buy,ct,mouz-vs-gamerlegion-m2-mirage.dem
16,116088,117368,121507,121827,ct,t_killed,,not_planted,MOUZ,GamerLegion,MOUZ,29250,18750,1,1,Full Buy,Semi-Buy,ct,mouz-vs-gamerlegion-m2-mirage.dem
17,121827,123107,127064,127384,ct,t_killed,,not_planted,MOUZ,GamerLegion,MOUZ,29450,1100,0,2,Full Buy,Full Eco,t,mouz-vs-gamerlegion-m2-mirage.dem
18,127384,128664,133071,133391,ct,bomb_defused,130655,bombsite_b,MOUZ,GamerLegion,MOUZ,30350,23800,0,3,Full Buy,Full Buy,ct,mouz-vs-gamerlegion-m2-mirage.dem
19,133391,134671,142031,142351,ct,time_ran_out,,not_planted,MOUZ,GamerLegion,MOUZ,30250,11000,0,4,Full Buy,Semi-Buy,ct,mouz-vs-gamerlegion-m2-mirage.dem
20,142351,146207,152197,152517,ct,t_killed,,not_planted,MOUZ,GamerLegion,MOUZ,30950,24300,0,5,Full Buy,Full Buy,ct,mouz-vs-gamerlegion-m2-mirage.dem
21,152517,153797,157787,158107,ct,t_killed,,not_planted,MOUZ,GamerLegion,MOUZ,30650,9650,0,6,Full Buy,Semi-Eco,ct,mouz-vs-gamerlegion-m2-mirage.dem
22,158107,162263,167647,167967,t,bomb_exploded,165023,bombsite_b,MOUZ,GamerLegion,GamerLegion,31050,24900,0,7,Full Buy,Full Buy,t,mouz-vs-gamerlegion-m2-mirage.dem
23,167967,169247,177546,177866,t,bomb_exploded,174922,bombsite_b,MOUZ,GamerLegion,GamerLegion,31150,19550,1,3,Full Buy,Semi-Buy,t,mouz-vs-gamerlegion-m2-mirage.dem
24,177866,181551,188881,188881,t,ct_killed,186766,bombsite_b,MOUZ,GamerLegion,GamerLegion,30950,23000,2,2,Full Buy,Full Buy,t,mouz-vs-gamerlegion-m2-mirage.dem
1,1,1266,5998,6318,t,ct_killed,4393,bombsite_b,MOUZ,Team Liquid,Team Liquid,4200,4200,0,0,Pistol,Pistol,t,mouz-vs-liquid-m1-nuke.dem
2,6318,7598,16709,17029,t,bomb_exploded,14085,bombsite_b,MOUZ,Team Liquid,Team Liquid,10550,18800,2,0,Semi-Buy,Semi-Buy,ct,mouz-vs-liquid-m1-nuke.dem
3,17029,18309,26091,26411,t,bomb_exploded,23467,bombsite_b,MOUZ,Team Liquid,Team Liquid,3000,19900,3,0,Full Eco,Semi-Buy,t,mouz-vs-liquid-m1-nuke.dem
4,26411,27691,35051,35371,ct,time_ran_out,,not_planted,MOUZ,Team Liquid,MOUZ,27800,23100,4,0,Full Buy,Full Buy,t,mouz-vs-liquid-m1-nuke.dem
5,35371,36651,44545,44865,t,bomb_exploded,41921,bombsite_b,MOUZ,Team Liquid,Team Liquid,28250,25200,2,1,Full Buy,Full Buy,ct,mouz-vs-liquid-m1-nuke.dem
6,44865,48217,53323,53643,ct,t_killed,,not_planted,MOUZ,Team Liquid,MOUZ,27000,25200,3,0,Full Buy,Full Buy,t,mouz-vs-liquid-m1-nuke.dem
7,53643,54923,57789,58109,t,ct_killed,,not_planted,MOUZ,Team Liquid,Team Liquid,29300,21150,1,1,Full Buy,Full Buy,t,mouz-vs-liquid-m1-nuke.dem
8,58109,59389,68199,68519,t,bomb_exploded,65575,bombsite_b,MOUZ,Team Liquid,Team Liquid,20600,27950,2,0,Full Buy,Full Buy,ct,mouz-vs-liquid-m1-nuke.dem
9,68519,69799,74337,74657,t,ct_killed,,not_planted,MOUZ,Team Liquid,Team Liquid,9150,27550,3,0,Semi-Eco,Full Buy,t,mouz-vs-liquid-m1-nuke.dem
10,74657,90816,96856,97176,t,ct_killed,,not_planted,MOUZ,Team Liquid,Team Liquid,25800,27650,4,0,Full Buy,Full Buy,ct,mouz-vs-liquid-m1-nuke.dem
11,97176,98456,103994,104314,ct,bomb_defused,103063,bombsite_b,MOUZ,Team Liquid,MOUZ,8100,28150,5,0,Semi-Eco,Full Buy,t,mouz-vs-liquid-m1-nuke.dem
12,104314,105594,111671,112215,t,ct_killed,109966,bombsite_b,MOUZ,Team Liquid,Team Liquid,30600,25600,3,1,Full Buy,Full Buy,ct,mouz-vs-liquid-m1-nuke.dem
13,112215,126734,132321,132641,t,bomb_exploded,129697,bombsite_b,Team Liquid,MOUZ,MOUZ,4100,4400,1,1,Pistol,Pistol,t,mouz-vs-liquid-m1-nuke.dem
14,132641,133921,142690,143010,t,bomb_exploded,140066,bombsite_b,Team Liquid,MOUZ,MOUZ,10500,20850,2,0,Semi-Buy,Full Buy,t,mouz-vs-liquid-m1-nuke.dem
15,143010,144290,150319,150639,t,ct_killed,149997,bombsite_b,Team Liquid,MOUZ,MOUZ,8800,23900,3,0,Semi-Eco,Full Buy,ct,mouz-vs-liquid-m1-nuke.dem
16,150639,151919,157003,157323,ct,t_killed,,not_planted,Team Liquid,MOUZ,Team Liquid,26700,23900,4,0,Full Buy,Full Buy,ct,mouz-vs-liquid-m1-nuke.dem
17,157323,158603,166495,166815,t,ct_killed,164668,bombsite_b,Team Liquid,MOUZ,MOUZ,29400,26450,2,1,Full Buy,Full Buy,t,mouz-vs-liquid-m1-nuke.dem
18,166815,168095,172253,172573,ct,bomb_defused,170197,bombsite_b,Team Liquid,MOUZ,Team Liquid,22150,23250,3,0,Full Buy,Full Buy,ct,mouz-vs-liquid-m1-nuke.dem
19,172573,173853,176671,176991,ct,t_killed,,not_planted,Team Liquid,MOUZ,Team Liquid,28400,18350,1,1,Full Buy,Semi-Buy,ct,mouz-vs-liquid-m1-nuke.dem
20,176991,180469,185215,185215,ct,bomb_defused,184652,bombsite_b,Team Liquid,MOUZ,Team Liquid,30850,10750,0,2,Full Buy,Semi-Buy,ct,mouz-vs-liquid-m1-nuke.dem
1,1,1267,3500,3820,ct,t_killed,,not_planted,Team Liquid,MOUZ,Team Liquid,4250,4300,0,0,Pistol,Pistol,t,mouz-vs-liquid-m2-ancient.dem
2,3820,5100,6392,6712,ct,t_killed,,not_planted,Team Liquid,MOUZ,Team Liquid,18450,1400,0,2,Semi-Buy,Full Eco,ct,mouz-vs-liquid-m2-ancient.dem
3,6712,7992,10485,10805,t,ct_killed,,not_planted,Team Liquid,MOUZ,MOUZ,20650,23400,0,3,Full Buy,Full Buy,t,mouz-vs-liquid-m2-ancient.dem
4,10805,12085,19305,19625,t,bomb_exploded,16681,bombsite_b,Team Liquid,MOUZ,MOUZ,21850,25300,1,1,Full Buy,Full Buy,t,mouz-vs-liquid-m2-ancient.dem
5,19625,20905,28113,28433,t,bomb_exploded,25489,bombsite_b,Team Liquid,MOUZ,MOUZ,8500,23650,2,0,Semi-Eco,Full Buy,ct,mouz-vs-liquid-m2-ancient.dem
6,28433,29713,36046,36366,ct,t_killed,,not_planted,Team Liquid,MOUZ,Team Liquid,25200,27350,3,0,Full Buy,Full Buy,t,mouz-vs-liquid-m2-ancient.dem
7,36366,40206,42991,43311,ct,t_killed,,not_planted,Team Liquid,MOUZ,Team Liquid,29200,26600,1,1,Full Buy,Full Buy,t,mouz-vs-liquid-m2-ancient.dem
8,43311,44591,49311,49631,ct,t_killed,,not_planted,Team Liquid,MOUZ,Team Liquid,29950,2200,0,2,Full Buy,Full Eco,ct,mouz-vs-liquid-m2-ancient.dem
9,49631,50911,57502,57822,ct,t_killed,,not_planted,Team Liquid,MOUZ,Team Liquid,30550,23650,0,3,Full Buy,Full Buy,t,mouz-vs-liquid-m2-ancient.dem
10,57822,61408,65663,65983,ct,t_killed,,not_planted,Team Liquid,MOUZ,Team Liquid,31150,9600,0,4,Full Buy,Semi-Eco,ct,mouz-vs-liquid-m2-ancient.dem
11,65983,67263,71057,71377,ct,t_killed,,not_planted,Team Liquid,MOUZ,Team Liquid,30950,24000,0,5,Full Buy,Full Buy,t,mouz-vs-liquid-m2-ancient.dem
12,71377,72657,77010,77554,ct,bomb_defused,74819,bombsite_b,Team Liquid,MOUZ,Team Liquid,31250,18750,0,6,Full Buy,Semi-Buy,ct,mouz-vs-liquid-m2-ancient.dem
13,77554,91654,97446,97766,t,ct_killed,95758,bombsite_b,MOUZ,Team Liquid,Team Liquid,4500,4850,1,1,Pistol,Pistol,t,mouz-vs-liquid-m2-ancient.dem
14,97766,99046,104294,104614,t,ct_killed,103204,bombsite_b,MOUZ,Team Liquid,Team Liquid,1000,18550,2,0,Full Eco,Semi-Buy,t,mouz-vs-liquid-m2-ancient.dem
15,104614,105894,110652,110972,t,ct_killed,109195,bombsite_b,MOUZ,Team Liquid,Team Liquid,23900,20500,3,0,Full Buy,Full Buy,ct,mouz-vs-liquid-m2-ancient.dem
16,110972,114264,118939,119259,ct,bomb_defused,118115,bombsite_b,MOUZ,Team Liquid,MOUZ,16200,25900,4,0,Semi-Buy,Full Buy,ct,mouz-vs-liquid-m2-ancient.dem
17,119259,120539,126304,126624,ct,t_killed,,not_planted,MOUZ,Team Liquid,MOUZ,23500,25200,2,1,Full Buy,Full Buy,t,mouz-vs-liquid-m2-ancient.dem
18,126624,127904,131663,131983,ct,t_killed,,not_planted,MOUZ,Team Liquid,MOUZ,22850,12300,1,2,Full Buy,Semi-Buy,ct,mouz-vs-liquid-m2-ancient.dem
19,131983,133263,135061,135381,ct,t_killed,,not_planted,MOUZ,Team Liquid,MOUZ,25800,5100,0,3,Full Buy,Semi-Eco,ct,mouz-vs-liquid-m2-ancient.dem
20,135381,138581,144989,144989,t,ct_killed,142957,bombsite_b,MOUZ,Team Liquid,Team Liquid,31650,24200,0,4,Full Buy,Full Buy,ct,mouz-vs-liquid-m2-ancient.dem
1,1,1267,3682,4002,t,ct_killed,3533,bombsite_b,Natus Vincere,FURIA,FURIA,4550,4750,0,0,Pistol,Pistol,t,natus-vincere-vs-furia-m1-dust2.dem
2,4002,5282,11776,12096,ct,t_killed,,not_planted,Natus Vincere,FURIA,Natus Vincere,9850,20250,2,0,Semi-Eco,Full Buy,ct,natus-vincere-vs-furia-m1-dust2.dem
3,12096,13376,19097,19417,ct,t_killed,,not_planted,Natus Vincere,FURIA,Natus Vincere,26250,6800,0,1,Full Buy,Semi-Eco,t,natus-vincere-vs-furia-m1-dust2.dem
4,19417,20697,22420,22740,ct,t_killed,,not_planted,Natus Vincere,FURIA,Natus Vincere,24550,1100,0,2,Full Buy,Full Eco,t,natus-vincere-vs-furia-m1-dust2.dem
5,22740,24020,31380,31700,ct,time_ran_out,,not_planted,Natus Vincere,FURIA,Natus Vincere,28550,24250,0,3,Full Buy,Full Buy,ct,natus-vincere-vs-furia-m1-dust2.dem
6,31700,32980,39754,40074,t,bomb_exploded,37130,bombsite_b,Natus Vincere,FURIA,FURIA,29850,5900,0,4,Full Buy,Semi-Eco,t,natus-vincere-vs-furia-m1-dust2.dem
7,40074,41354,47734,48054,ct,t_killed,,not_planted,Natus Vincere,FURIA,Natus Vincere,29850,24400,1,2,Full Buy,Full Buy,t,natus-vincere-vs-furia-m1-dust2.dem
8,48054,49334,52498,52818,ct,t_killed,,not_planted,Natus Vincere,FURIA,Natus Vincere,30050,3750,0,3,Full Buy,Full Eco,ct,natus-vincere-vs-furia-m1-dust2.dem
9,52818,56753,60430,60750,ct,t_killed,,not_planted,Natus Vincere,FURIA,Natus Vincere,30850,21950,0,4,Full Buy,Full Buy,t,natus-vincere-vs-furia-m1-dust2.dem
10,60750,62030,69281,69601,ct,bomb_defused,67554,bombsite_b,Natus Vincere,FURIA,Natus Vincere,30850,8850,0,5,Full Buy,Semi-Eco,ct,natus-vincere-vs-furia-m1-dust2.dem
11,69601,70881,75827,76147,ct,t_killed,,not_planted,Natus Vincere,FURIA,Natus Vincere,31650,26600,0,6,Full Buy,Full Buy,t,natus-vincere-vs-furia-m1-dust2.dem
12,76147,77427,84104,84648,t,ct_killed,82436,bombsite_b,Natus Vincere,FURIA,FURIA,32250,20950,0,7,Full Buy,Full Buy,ct,natus-vincere-vs-furia-m1-dust2.dem
13,84648,99410,102431,102751,ct,t_killed,,not_planted,FURIA,Natus Vincere,FURIA,5850,5250,1,1,Pistol,Pistol,t,natus-vincere-vs-furia-m1-dust2.dem
14,102751,104031,112701,113021,ct,bomb_defused,111373,bombsite_b,FURIA,Natus Vincere,FURIA,20100,2800,0,2,Full Buy,Full Eco,t,natus-vincere-vs-furia-m1-dust2.dem
15,113021,114301,121092,121412,t,bomb_exploded,118468,bombsite_b,FURIA,Natus Vincere,Natus Vincere,24450,25100,0,3,Full Buy,Full Buy,ct,natus-vincere-vs-furia-m1-dust2.dem
16,121412,122692,128252,128572,t,ct_killed,,not_planted,FURIA,Natus Vincere,Natus Vincere,21700,25400,1,1,Full Buy,Full Buy,ct,natus-vincere-vs-furia-m1-dust2.dem
17,128572,129852,135595,135915,t,ct_killed,,not_planted,FURIA,Natus Vincere,Natus Vincere,1000,27350,2,0,Full Eco,Full Buy,t,natus-vincere-vs-furia-m1-dust2.dem
18,135915,137195,144296,144296,t,ct_killed,,not_planted,FURIA,Natus Vincere,Natus Vincere,23450,26550,3,0,Full Buy,Full Buy,ct,natus-vincere-vs-furia-m1-dust2.dem
1,1,1266,6476,6796,t,bomb_exploded,3852,bombsite_b,FURIA,Natus Vincere,Natus Vincere,4200,4250,0,0,Pistol,Pistol,t,natus-vincere-vs-furia-m2-mirage.dem
2,6796,8076,15855,16175,t,bomb_exploded,13231,bombsite_b,FURIA,Natus Vincere,Natus Vincere,11750,20950,2,0,Semi-Buy,Full Buy,ct,natus-vincere-vs-furia-m2-mirage.dem
3,16175,17455,23985,24305,t,ct_killed,22631,bombsite_b,FURIA,Natus Vincere,Natus Vincere,8050,21250,3,0,Semi-Eco,Full Buy,t,natus-vincere-vs-furia-m2-mirage.dem
4,24305,25585,30654,30974,t,bomb_exploded,28030,bombsite_b,FURIA,Natus Vincere,Natus Vincere,27500,25200,4,0,Full Buy,Full Buy,t,natus-vincere-vs-furia-m2-mirage.dem
5,30974,32254,38399,38719,t,bomb_exploded,35775,bombsite_b,FURIA,Natus Vincere,Natus Vincere,21100,25500,5,0,Full Buy,Full Buy,ct,natus-vincere-vs-furia-m2-mirage.dem
6,38719,39999,47408,47728,t,ct_killed,46016,bombsite_b,FURIA,Natus Vincere,Natus Vincere,29350,27650,6,0,Full Buy,Full Buy,t,natus-vincere-vs-furia-m2-mirage.dem
7,47728,51300,60787,61107,t,bomb_exploded,58163,bombsite_b,FURIA,Natus Vincere,Natus Vincere,15350,26750,7,0,Semi-Buy,Full Buy,t,natus-vincere-vs-furia-m2-mirage.dem
8,61107,62387,68648,68968,t,ct_killed,68639,bombsite_b,FURIA,Natus Vincere,Natus Vincere,27550,27750,8,0,Full Buy,Full Buy,ct,natus-vincere-vs-furia-m2-mirage.dem
9,68968,72704,77617,77937,ct,t_killed,,not_planted,FURIA,Natus Vincere,FURIA,12500,27650,9,0,Semi-Buy,Full Buy,t,natus-vincere-vs-furia-m2-mirage.dem
10,77937,81972,89685,90005,t,bomb_exploded,87061,bombsite_b,FURIA,Natus Vincere,Natus Vincere,31050,27050,3,1,Full Buy,Full Buy,ct,natus-vincere-vs-furia-m2-mirage.dem
11,90005,91285,99925,100245,t,bomb_exploded,97301,bombsite_b,FURIA,Natus Vincere,Natus Vincere,31150,25050,4,0,Full Buy,Full Buy,t,natus-vincere-vs-furia-m2-mirage.dem
12,100245,101525,107656,108200,t,ct_killed,107014,bombsite_b,FURIA,Natus Vincere,Natus Vincere,25250,27850,5,0,Full Buy,Full Buy,ct,natus-vincere-vs-furia-m2-mirage.dem
13,108200,123045,126570,126890,t,ct_killed,124989,bombsite_b,Natus Vincere,FURIA,FURIA,4850,4000,1,1,Pistol,Pistol,t,natus-vincere-vs-furia-m2-mirage.dem
14,126890,128170,130659,130979,t,ct_killed,,not_planted,Natus Vincere,FURIA,FURIA,3150,19150,2,0,Full Eco,Semi-Buy,t,natus-vincere-vs-furia-m2-mirage.dem
15,130979,132259,134498,134818,ct,t_killed,,not_planted,Natus Vincere,FURIA,Natus Vincere,25550,21850,3,0,Full Buy,Full Buy,ct,natus-vincere-vs-furia-m2-mirage.dem
16,134818,136098,142307,142307,ct,t_killed,,not_planted,Natus Vincere,FURIA,Natus Vincere,28650,11350,1,1,Full Buy,Semi-Buy,ct,natus-vincere-vs-furia-m2-mirage.dem
1,1,1265,5533,5853,t,ct_killed,4172,bombsite_b,Team Spirit,Natus Vincere,Natus Vincere,4450,4800,0,0,Pistol,Pistol,t,natus-vincere-vs-spirit-m1-mirage(1).dem
2,5853,7133,11763,12083,t,bomb_exploded,9139,bombsite_a,Team Spirit,Natus Vincere,Natus Vincere,10650,19450,2,0,Semi-Buy,Semi-Buy,ct,natus-vincere-vs-spirit-m1-mirage(1).dem
3,12083,13363,18618,18938,t,ct_killed,,not_planted,Team Spirit,Natus Vincere,Natus Vincere,5300,22050,3,0,Semi-Eco,Full Buy,t,natus-vincere-vs-spirit-m1-mirage(1).dem
4,18938,20218,25623,25943,ct,t_killed,,not_planted,Team Spirit,Natus Vincere,Team Spirit,26200,24100,4,0,Full Buy,Full Buy,t,natus-vincere-vs-spirit-m1-mirage(1).dem
5,25943,27223,36556,36876,t,bomb_exploded,33932,bombsite_b,Team Spirit,Natus Vincere,Natus Vincere,28000,22900,2,1,Full Buy,Full Buy,ct,natus-vincere-vs-spirit-m1-mirage(1).dem
6,36876,40209,49707,50027,t,bomb_exploded,47083,bombsite_b,Team Spirit,Natus Vincere,Natus Vincere,26600,23800,3,0,Full Buy,Full Buy,t,natus-vincere-vs-spirit-m1-mirage(1).dem
7,50027,51307,57866,58186,ct,bomb_defused,56590,bombsite_a,Team Spirit,Natus Vincere,Team Spirit,15050,25300,4,0,Semi-Buy,Full Buy,t,natus-vincere-vs-spirit-m1-mirage(1).dem
8,58186,59466,61915,62235,ct,t_killed,,not_planted,Team Spirit,Natus Vincere,Team Spirit,29300,22500,2,1,Full Buy,Full Buy,ct,natus-vincere-vs-spirit-m1-mirage(1).dem
9,62235,63515,68000,68320,ct,t_killed,,not_planted,Team Spirit,Natus Vincere,Team Spirit,29450,1800,1,2,Full Buy,Full Eco,t,natus-vincere-vs-spirit-m1-mirage(1).dem
10,68320,72569,81171,81491,t,ct_killed,79544,bombsite_a,Team Spirit,Natus Vincere,Natus Vincere,29450,24200,0,3,Full Buy,Full Buy,ct,natus-vincere-vs-spirit-m1-mirage(1).dem
11,81491,84723,87392,87712,ct,t_killed,,not_planted,Team Spirit,Natus Vincere,Team Spirit,28550,27450,1,1,Full Buy,Full Buy,t,natus-vincere-vs-spirit-m1-mirage(1).dem
12,87712,88992,95063,95607,ct,t_killed,,not_planted,Team Spirit,Natus Vincere,Team Spirit,30850,13150,0,2,Full Buy,Semi-Buy,ct,natus-vincere-vs-spirit-m1-mirage(1).dem
13,95607,109524,113346,113666,t,ct_killed,111344,bombsite_a,Natus Vincere,Team Spirit,Team Spirit,4900,4400,1,1,Pistol,Pistol,t,natus-vincere-vs-spirit-m1-mirage(1).dem
14,113666,114946,122260,122580,ct,t_killed,,not_planted,Natus Vincere,Team Spirit,Natus Vincere,11250,19100,2,0,Semi-Buy,Semi-Buy,t,natus-vincere-vs-spirit-m1-mirage(1).dem
15,122580,123860,131220,131540,ct,time_ran_out,,not_planted,Natus Vincere,Team Spirit,Natus Vincere,21150,9200,0,1,Full Buy,Semi-Eco,ct,natus-vincere-vs-spirit-m1-mirage(1).dem
16,131540,132820,140630,140950,ct,bomb_defused,138821,bombsite_b,Natus Vincere,Team Spirit,Natus Vincere,25650,3000,0,2,Full Buy,Full Eco,ct,natus-vincere-vs-spirit-m1-mirage(1).dem
17,140950,142230,149590,149910,ct,time_ran_out,,not_planted,Natus Vincere,Team Spirit,Natus Vincere,28950,22550,0,3,Full Buy,Full Buy,t,natus-vincere-vs-spirit-m1-mirage(1).dem
18,149910,153110,158186,158506,ct,t_killed,,not_planted,Natus Vincere,Team Spirit,Natus Vincere,28200,18800,0,4,Full Buy,Semi-Buy,ct,natus-vincere-vs-spirit-m1-mirage(1).dem
19,158506,159786,166388,166708,t,ct_killed,165160,bombsite_b,Natus Vincere,Team Spirit,Team Spirit,29750,7150,0,5,Full Buy,Semi-Eco,ct,natus-vincere-vs-spirit-m1-mirage(1).dem
20,166708,167988,174097,174417,ct,t_killed,,not_planted,Natus Vincere,Team Spirit,Natus Vincere,24800,28050,1,3,Full Buy,Full Buy,ct,natus-vincere-vs-spirit-m1-mirage(1).dem
21,174417,175697,181095,181095,ct,t_killed,,not_planted,Natus Vincere,Team Spirit,Natus Vincere,28650,22050,0,4,Full Buy,Full Buy,ct,natus-vincere-vs-spirit-m1-mirage(1).dem
1,1,3135,7561,7881,ct,bomb_defused,5820,bombsite_b,Team Spirit,Natus Vincere,Team Spirit,4750,5050,0,0,Pistol,Pistol,t,natus-vincere-vs-spirit-m1-mirage.dem
2,7881,9161,16521,16841,ct,time_ran_out,,not_planted,Team Spirit,Natus Vincere,Team Spirit,22550,14300,0,2,Full Buy,Semi-Buy,ct,natus-vincere-vs-spirit-m1-mirage.dem
3,16841,18121,23792,24112,ct,t_killed,,not_planted,Team Spirit,Natus Vincere,Team Spirit,23000,2800,0,3,Full Buy,Full Eco,t,natus-vincere-vs-spirit-m1-mirage.dem
4,24112,25392,32224,32544,t,ct_killed,30042,bombsite_b,Team Spirit,Natus Vincere,Natus Vincere,25500,23400,0,4,Full Buy,Full Buy,t,natus-vincere-vs-spirit-m1-mirage.dem
5,32544,36058,42408,42728,ct,t_killed,,not_planted,Team Spirit,Natus Vincere,Team Spirit,20900,21600,1,2,Full Buy,Full Buy,ct,natus-vincere-vs-spirit-m1-mirage.dem
6,42728,44008,48980,49300,ct,t_killed,,not_planted,Team Spirit,Natus Vincere,Team Spirit,23000,3450,0,3,Full Buy,Full Eco,t,natus-vincere-vs-spirit-m1-mirage.dem
7,49300,50580,57303,57623,ct,t_killed,,not_planted,Team Spirit,Natus Vincere,Team Spirit,26750,26550,0,4,Full Buy,Full Buy,t,natus-vincere-vs-spirit-m1-mirage.dem
8,57623,58903,65124,65444,ct,bomb_defused,64147,bombsite_b,Team Spirit,Natus Vincere,Team Spirit,28950,8550,0,5,Full Buy,Semi-Eco,ct,natus-vincere-vs-spirit-m1-mirage.dem
9,65444,68904,73408,73728,t,ct_killed,71544,bombsite_b,Team Spirit,Natus Vincere,Natus Vincere,29850,27250,0,6,Full Buy,Full Buy,t,natus-vincere-vs-spirit-m1-mirage.dem
10,73728,75008,82368,82688,ct,time_ran_out,,not_planted,Team Spirit,Natus Vincere,Team Spirit,25300,24450,1,3,Full Buy,Full Buy,ct,natus-vincere-vs-spirit-m1-mirage.dem
11,82688,86774,94160,94480,t,ct_killed,92155,bombsite_b,Team Spirit,Natus Vincere,Natus Vincere,28700,21600,0,4,Full Buy,Full Buy,t,natus-vincere-vs-spirit-m1-mirage.dem
12,94480,95760,102396,102940,t,ct_killed,101163,bombsite_b,Team Spirit,Natus Vincere,Natus Vincere,21100,26450,1,2,Full Buy,Full Buy,ct,natus-vincere-vs-spirit-m1-mirage.dem
13,102940,117775,123485,123805,ct,bomb_defused,121242,bombsite_b,Natus Vincere,Team Spirit,Natus Vincere,4400,4350,1,1,Pistol,Pistol,t,natus-vincere-vs-spirit-m1-mirage.dem
14,123805,128040,132651,132971,ct,t_killed,,not_planted,Natus Vincere,Team Spirit,Natus Vincere,21200,14800,0,2,Full Buy,Semi-Buy,t,natus-vincere-vs-spirit-m1-mirage.dem
15,132971,134251,140426,140746,ct,t_killed,,not_planted,Natus Vincere,Team Spirit,Natus Vincere,22600,5050,0,3,Full Buy,Semi-Eco,ct,natus-vincere-vs-spirit-m1-mirage.dem
16,140746,142026,148115,148435,t,ct_killed,146099,bombsite_b,Natus Vincere,Team Spirit,Team Spirit,25050,24100,0,4,Full Buy,Full Buy,ct,natus-vincere-vs-spirit-m1-mirage.dem
17,148435,152638,160537,160857,t,bomb_exploded,157913,bombsite_b,Natus Vincere,Team Spirit,Team Spirit,22750,23650,1,2,Full Buy,Full Buy,t,natus-vincere-vs-spirit-m1-mirage.dem
18,160857,162137,165326,165646,ct,t_killed,,not_planted,Natus Vincere,Team Spirit,Natus Vincere,14100,23150,2,1,Semi-Buy,Full Buy,ct,natus-vincere-vs-spirit-m1-mirage.dem
19,165646,166926,174632,174952,t,ct_killed,173280,bombsite_b,Natus Vincere,Team Spirit,Team Spirit,29400,9850,0,2,Full Buy,Semi-Eco,ct,natus-vincere-vs-spirit-m1-mirage.dem
20,174952,176232,182457,182777,t,ct_killed,181416,bombsite_b,Natus Vincere,Team Spirit,Team Spirit,22050,27750,1,0,Full Buy,Full Buy,ct,natus-vincere-vs-spirit-m1-mirage.dem
21,182777,184057,190419,190419,t,ct_killed,190261,bombsite_b,Natus Vincere,Team Spirit,Team Spirit,10800,27850,2,0,Semi-Buy,Full Buy,ct,natus-vincere-vs-spirit-m1-mirage.dem
1,1,1266,5399,5719,t,ct_killed,5207,bombsite_b,Natus Vincere,Team Spirit,Team Spirit,4100,4350,0,0,Pistol,Pistol,t,natus-vincere-vs-spirit-m2-dust2-p1.dem
2,5719,6999,14001,14321,t,ct_killed,13460,bombsite_b,Natus Vincere,Team Spirit,Team Spirit,10350,18850,2,0,Semi-Buy,Semi-Buy,ct,natus-vincere-vs-spirit-m2-dust2-p1.dem
3,14321,15601,22053,22373,t,bomb_exploded,19429,bombsite_b,Natus Vincere,Team Spirit,Team Spirit,1600,20800,3,0,Full Eco,Full Buy,t,natus-vincere-vs-spirit-m2-dust2-p1.dem
1,7,3544,10208,10528,ct,t_killed,,,Natus Vincere,Team Spirit,Natus Vincere,26600,26250,0,0,Pistol,Pistol,t,natus-vincere-vs-spirit-m2-dust2-p2.dem
1,7,1994,7160,7480,ct,t_killed,,not_planted,Natus Vincere,Team Spirit,Natus Vincere,29700,8900,0,0,Pistol,Pistol,t,natus-vincere-vs-spirit-m2-dust2-p3.dem
2,7480,13675,21035,21355,ct,time_ran_out,,not_planted,Natus Vincere,Team Spirit,Natus Vincere,29300,20500,1,2,Full Buy,Full Buy,ct,natus-vincere-vs-spirit-m2-dust2-p3.dem
3,21355,22635,29412,29732,ct,t_killed,,not_planted,Natus Vincere,Team Spirit,Natus Vincere,30250,6350,0,3,Full Buy,Semi-Eco,t,natus-vincere-vs-spirit-m2-dust2-p3.dem
4,29732,31012,34688,35008,ct,t_killed,,not_planted,Natus Vincere,Team Spirit,Natus Vincere,29650,6200,0,4,Full Buy,Semi-Eco,t,natus-vincere-vs-spirit-m2-dust2-p3.dem
5,35008,38699,44396,44716,t,bomb_exploded,41772,bombsite_b,Natus Vincere,Team Spirit,Team Spirit,30350,25850,0,5,Full Buy,Full Buy,ct,natus-vincere-vs-spirit-m2-dust2-p3.dem
6,44716,45996,50870,51190,t,bomb_exploded,48246,bombsite_b,Natus Vincere,Team Spirit,Team Spirit,30350,26950,1,3,Full Buy,Full Buy,t,natus-vincere-vs-spirit-m2-dust2-p3.dem
7,51190,54819,61493,61813,t,ct_killed,,not_planted,Natus Vincere,Team Spirit,Team Spirit,30250,27250,2,2,Full Buy,Full Buy,t,natus-vincere-vs-spirit-m2-dust2-p3.dem
8,61813,63093,66501,67045,t,ct_killed,,not_planted,Natus Vincere,Team Spirit,Team Spirit,32950,28150,3,1,Full Buy,Full Buy,ct,natus-vincere-vs-spirit-m2-dust2-p3.dem
9,67045,81394,87347,87667,ct,t_killed,,not_planted,Team Spirit,Natus Vincere,Team Spirit,4250,4750,1,1,Full Eco,Full Eco,t,natus-vincere-vs-spirit-m2-dust2-p3.dem
10,87667,88947,94855,95175,ct,t_killed,,not_planted,Team Spirit,Natus Vincere,Team Spirit,17900,3200,0,2,Semi-Buy,Full Eco,ct,natus-vincere-vs-spirit-m2-dust2-p3.dem
11,95175,96455,104161,104481,t,bomb_exploded,101537,bombsite_b,Team Spirit,Natus Vincere,Natus Vincere,27050,21550,0,3,Full Buy,Full Buy,t,natus-vincere-vs-spirit-m2-dust2-p3.dem
12,104481,105761,112230,112550,ct,t_killed,,not_planted,Team Spirit,Natus Vincere,Team Spirit,21650,24450,1,1,Full Buy,Full Buy,ct,natus-vincere-vs-spirit-m2-dust2-p3.dem
13,112550,113830,118925,119245,ct,t_killed,,not_planted,Team Spirit,Natus Vincere,Team Spirit,24200,5800,0,2,Pistol,Pistol,t,natus-vincere-vs-spirit-m2-dust2-p3.dem
14,119245,122819,132058,132378,t,bomb_exploded,129434,bombsite_b,Team Spirit,Natus Vincere,Natus Vincere,25900,23250,0,3,Full Buy,Full Buy,t,natus-vincere-vs-spirit-m2-dust2-p3.dem
15,132378,133658,138402,138722,t,bomb_exploded,135778,bombsite_b,Team Spirit,Natus Vincere,Natus Vincere,25450,27650,1,1,Full Buy,Full Buy,ct,natus-vincere-vs-spirit-m2-dust2-p3.dem
16,138722,140002,147281,147601,t,bomb_exploded,144657,bombsite_b,Team Spirit,Natus Vincere,Natus Vincere,14900,27650,2,0,Semi-Buy,Full Buy,ct,natus-vincere-vs-spirit-m2-dust2-p3.dem
17,147601,150951,156920,157240,t,ct_killed,156022,bombsite_b,Team Spirit,Natus Vincere,Natus Vincere,26600,27550,3,0,Full Buy,Full Buy,t,natus-vincere-vs-spirit-m2-dust2-p3.dem
18,157240,158520,164976,165296,t,bomb_exploded,162352,bombsite_b,Team Spirit,Natus Vincere,Natus Vincere,20700,27650,4,0,Full Buy,Full Buy,ct,natus-vincere-vs-spirit-m2-dust2-p3.dem
19,165296,166576,173861,174181,ct,bomb_defused,172826,bombsite_b,Team Spirit,Natus Vincere,Team Spirit,24750,27650,5,0,Full Buy,Full Buy,ct,natus-vincere-vs-spirit-m2-dust2-p3.dem
20,174181,175461,180746,180746,ct,t_killed,,not_planted,Team Spirit,Natus Vincere,Team Spirit,29400,28250,3,1,Full Buy,Full Buy,ct,natus-vincere-vs-spirit-m2-dust2-p3.dem
1,1,1264,10015,10335,t,bomb_exploded,7391,bombsite_b,Natus Vincere,Team Spirit,Team Spirit,4550,4600,0,0,Pistol,Pistol,t,natus-vincere-vs-spirit-m2-dust2.dem
2,10335,11615,14108,14428,ct,t_killed,,not_planted,Natus Vincere,Team Spirit,Natus Vincere,10400,19600,2,0,Semi-Buy,Semi-Buy,ct,natus-vincere-vs-spirit-m2-dust2.dem
3,14428,15708,21305,21625,t,ct_killed,,not_planted,Natus Vincere,Team Spirit,Team Spirit,24200,8850,0,1,Full Buy,Semi-Eco,t,natus-vincere-vs-spirit-m2-dust2.dem
4,21625,22905,31673,31993,t,bomb_exploded,29049,bombsite_b,Natus Vincere,Team Spirit,Team Spirit,11900,22900,1,0,Semi-Buy,Full Buy,t,natus-vincere-vs-spirit-m2-dust2.dem
5,31993,33273,39940,40260,ct,bomb_defused,38302,bombsite_b,Natus Vincere,Team Spirit,Natus Vincere,3250,26200,2,0,Full Eco,Full Buy,ct,natus-vincere-vs-spirit-m2-dust2.dem
6,40260,44401,52613,52933,t,bomb_exploded,49989,bombsite_b,Natus Vincere,Team Spirit,Team Spirit,29450,23600,0,1,Full Buy,Full Buy,t,natus-vincere-vs-spirit-m2-dust2.dem
7,52933,56737,63852,64172,t,ct_killed,63146,bombsite_b,Natus Vincere,Team Spirit,Team Spirit,22950,27750,1,0,Full Buy,Full Buy,t,natus-vincere-vs-spirit-m2-dust2.dem
8,64172,65452,71748,72068,t,bomb_exploded,69124,bombsite_b,Natus Vincere,Team Spirit,Team Spirit,1000,26000,2,0,Full Eco,Full Buy,ct,natus-vincere-vs-spirit-m2-dust2.dem
9,72068,73348,81440,81760,ct,bomb_defused,79455,bombsite_b,Natus Vincere,Team Spirit,Natus Vincere,22500,25800,3,0,Full Buy,Full Buy,t,natus-vincere-vs-spirit-m2-dust2.dem
10,81760,85899,92632,92952,ct,t_killed,,not_planted,Natus Vincere,Team Spirit,Natus Vincere,26800,27350,1,1,Full Buy,Full Buy,ct,natus-vincere-vs-spirit-m2-dust2.dem
11,92952,94232,100738,101058,ct,bomb_defused,98697,bombsite_b,Natus Vincere,Team Spirit,Natus Vincere,28100,26050,0,2,Full Buy,Full Buy,t,natus-vincere-vs-spirit-m2-dust2.dem
12,101058,102338,111260,111804,ct,bomb_defused,109446,bombsite_b,Natus Vincere,Team Spirit,Natus Vincere,30500,19750,0,3,Full Buy,Semi-Buy,ct,natus-vincere-vs-spirit-m2-dust2.dem
13,111804,126908,134912,135232,t,bomb_exploded,132288,bombsite_b,Team Spirit,Natus Vincere,Natus Vincere,5250,4350,1,1,Pistol,Pistol,t,natus-vincere-vs-spirit-m2-dust2.dem
14,135232,136512,142672,142992,ct,t_killed,,not_planted,Team Spirit,Natus Vincere,Team Spirit,12200,20500,2,0,Semi-Buy,Full Buy,t,natus-vincere-vs-spirit-m2-dust2.dem
15,142992,144272,151205,151525,t,bomb_exploded,148581,bombsite_b,Team Spirit,Natus Vincere,Natus Vincere,24800,7550,0,1,Full Buy,Semi-Eco,ct,natus-vincere-vs-spirit-m2-dust2.dem
16,151525,152805,160493,160813,t,ct_killed,159246,bombsite_b,Team Spirit,Natus Vincere,Natus Vincere,19400,22950,1,0,Semi-Buy,Full Buy,ct,natus-vincere-vs-spirit-m2-dust2.dem
17,160813,162093,167205,167525,t,ct_killed,166291,bombsite_b,Team Spirit,Natus Vincere,Natus Vincere,1500,24850,2,0,Full Eco,Full Buy,t,natus-vincere-vs-spirit-m2-dust2.dem
18,167525,170725,178085,178405,ct,time_ran_out,,not_planted,Team Spirit,Natus Vincere,Team Spirit,22950,28350,3,0,Full Buy,Full Buy,ct,natus-vincere-vs-spirit-m2-dust2.dem
19,178405,182523,185407,185727,ct,t_killed,,not_planted,Team Spirit,Natus Vincere,Team Spirit,25750,24950,1,1,Full Buy,Full Buy,ct,natus-vincere-vs-spirit-m2-dust2.dem
20,185727,187007,193382,193702,ct,t_killed,,not_planted,Team Spirit,Natus Vincere,Team Spirit,28450,6100,0,2,Full Buy,Semi-Eco,ct,natus-vincere-vs-spirit-m2-dust2.dem
21,193702,197853,204490,204810,t,ct_killed,,not_planted,Team Spirit,Natus Vincere,Natus Vincere,29600,25900,0,3,Full Buy,Full Buy,ct,natus-vincere-vs-spirit-m2-dust2.dem
22,204810,206090,214584,214904,t,ct_killed,212127,bombsite_b,Team Spirit,Natus Vincere,Natus Vincere,29250,21150,1,1,Full Buy,Full Buy,t,natus-vincere-vs-spirit-m2-dust2.dem
23,214904,216184,222239,222559,ct,t_killed,,not_planted,Team Spirit,Natus Vincere,Team Spirit,14200,24950,2,0,Semi-Buy,Full Buy,t,natus-vincere-vs-spirit-m2-dust2.dem
24,222559,223839,228931,229475,ct,t_killed,,not_planted,Team Spirit,Natus Vincere,Team Spirit,20850,11550,0,1,Full Buy,Semi-Buy,t,natus-vincere-vs-spirit-m2-dust2.dem
25,229475,230755,237146,237466,ct,t_killed,,not_planted,Team Spirit,Natus Vincere,Team Spirit,27750,27250,1,1,Full Buy,Full Buy,t,natus-vincere-vs-spirit-m2-dust2.dem
26,237466,241415,245431,245751,t,ct_killed,245285,bombsite_b,Team Spirit,Natus Vincere,Natus Vincere,29750,27150,0,2,Full Buy,Full Buy,ct,natus-vincere-vs-spirit-m2-dust2.dem
27,245751,247031,253543,254087,ct,t_killed,,not_planted,Team Spirit,Natus Vincere,Team Spirit,31150,28750,1,0,Full Buy,Full Buy,t,natus-vincere-vs-spirit-m2-dust2.dem
28,254087,255367,263771,264091,t,ct_killed,261413,bombsite_b,Natus Vincere,Team Spirit,Team Spirit,29050,26550,1,1,Full Buy,Full Buy,t,natus-vincere-vs-spirit-m2-dust2.dem
29,264091,267933,275293,275613,ct,time_ran_out,,not_planted,Natus Vincere,Team Spirit,Natus Vincere,30050,27850,2,0,Full Buy,Full Buy,ct,natus-vincere-vs-spirit-m2-dust2.dem
30,275613,276893,284024,284024,t,ct_killed,283030,bombsite_b,Natus Vincere,Team Spirit,Team Spirit,32250,27950,0,1,Full Buy,Full Buy,ct,natus-vincere-vs-spirit-m2-dust2.dem
1,1,1260,5911,6231,t,ct_killed,3648,bombsite_b,Team Spirit,Natus Vincere,Natus Vincere,4200,6300,0,0,Pistol,Pistol,t,natus-vincere-vs-spirit-m3-nuke.dem
2,6231,7511,16032,16352,t,bomb_exploded,13408,bombsite_b,Team Spirit,Natus Vincere,Natus Vincere,10400,18200,2,0,Semi-Buy,Semi-Buy,ct,natus-vincere-vs-spirit-m3-nuke.dem
3,16352,17632,25315,25635,t,ct_killed,24108,bombsite_b,Team Spirit,Natus Vincere,Natus Vincere,18450,22350,3,0,Semi-Buy,Full Buy,t,natus-vincere-vs-spirit-m3-nuke.dem
4,25635,26915,34628,34948,t,bomb_exploded,32004,bombsite_b,Team Spirit,Natus Vincere,Natus Vincere,7350,23750,4,0,Semi-Eco,Full Buy,t,natus-vincere-vs-spirit-m3-nuke.dem
5,34948,38224,40660,40980,ct,t_killed,,not_planted,Team Spirit,Natus Vincere,Team Spirit,27550,24650,5,0,Full Buy,Full Buy,ct,natus-vincere-vs-spirit-m3-nuke.dem
6,40980,42260,48009,48329,ct,t_killed,,not_planted,Team Spirit,Natus Vincere,Team Spirit,28250,25000,3,1,Full Buy,Full Buy,t,natus-vincere-vs-spirit-m3-nuke.dem
7,48329,49609,52008,52328,ct,t_killed,,not_planted,Team Spirit,Natus Vincere,Team Spirit,28550,4200,2,2,Full Buy,Full Eco,t,natus-vincere-vs-spirit-m3-nuke.dem
8,52328,53608,59642,59962,ct,t_killed,,not_planted,Team Spirit,Natus Vincere,Team Spirit,29600,22850,1,3,Full Buy,Full Buy,ct,natus-vincere-vs-spirit-m3-nuke.dem
9,59962,61242,65730,66050,ct,t_killed,,not_planted,Team Spirit,Natus Vincere,Team Spirit,30550,5000,0,4,Full Buy,Semi-Eco,t,natus-vincere-vs-spirit-m3-nuke.dem
10,66050,69688,75262,75582,ct,t_killed,,not_planted,Team Spirit,Natus Vincere,Team Spirit,31250,25300,0,5,Full Buy,Full Buy,ct,natus-vincere-vs-spirit-m3-nuke.dem
11,75582,76862,81396,81716,ct,t_killed,,not_planted,Team Spirit,Natus Vincere,Team Spirit,30850,11550,0,6,Full Buy,Semi-Buy,t,natus-vincere-vs-spirit-m3-nuke.dem
12,81716,82996,89133,89677,t,ct_killed,87638,bombsite_b,Team Spirit,Natus Vincere,Natus Vincere,31050,24400,0,7,Full Buy,Full Buy,ct,natus-vincere-vs-spirit-m3-nuke.dem
13,89677,104159,107148,107468,ct,t_killed,,not_planted,Natus Vincere,Team Spirit,Natus Vincere,4700,4950,1,1,Pistol,Pistol,t,natus-vincere-vs-spirit-m3-nuke.dem
14,107468,108748,111565,111885,ct,t_killed,,not_planted,Natus Vincere,Team Spirit,Natus Vincere,20600,1800,0,2,Full Buy,Full Eco,t,natus-vincere-vs-spirit-m3-nuke.dem
15,111885,113165,120331,120651,t,ct_killed,,not_planted,Natus Vincere,Team Spirit,Team Spirit,25050,22750,0,3,Full Buy,Full Buy,ct,natus-vincere-vs-spirit-m3-nuke.dem
16,120651,121931,128305,128625,ct,t_killed,,not_planted,Natus Vincere,Team Spirit,Natus Vincere,18900,23750,1,1,Semi-Buy,Full Buy,ct,natus-vincere-vs-spirit-m3-nuke.dem
17,128625,131825,138726,139046,t,ct_killed,138048,bombsite_b,Natus Vincere,Team Spirit,Team Spirit,24900,4500,0,2,Full Buy,Full Eco,t,natus-vincere-vs-spirit-m3-nuke.dem
18,139046,142498,151091,151411,t,bomb_exploded,148467,bombsite_b,Natus Vincere,Team Spirit,Team Spirit,10350,25500,1,0,Semi-Buy,Full Buy,ct,natus-vincere-vs-spirit-m3-nuke.dem
19,151411,152691,159054,159374,t,ct_killed,157610,bombsite_b,Natus Vincere,Team Spirit,Team Spirit,5100,26000,2,0,Semi-Eco,Full Buy,ct,natus-vincere-vs-spirit-m3-nuke.dem
20,159374,162918,165863,166183,ct,t_killed,,not_planted,Natus Vincere,Team Spirit,Natus Vincere,22400,25400,3,0,Full Buy,Full Buy,ct,natus-vincere-vs-spirit-m3-nuke.dem
21,166183,167463,174216,174536,ct,t_killed,,not_planted,Natus Vincere,Team Spirit,Natus Vincere,25950,25200,1,1,Full Buy,Full Buy,ct,natus-vincere-vs-spirit-m3-nuke.dem
22,174536,175816,184592,184912,t,ct_killed,182847,bombsite_b,Natus Vincere,Team Spirit,Team Spirit,25950,24100,0,2,Full Buy,Full Buy,t,natus-vincere-vs-spirit-m3-nuke.dem
23,184912,186192,193552,193872,ct,time_ran_out,,not_planted,Natus Vincere,Team Spirit,Natus Vincere,15150,24600,1,0,Semi-Buy,Full Buy,t,natus-vincere-vs-spirit-m3-nuke.dem
24,193872,195152,201902,202446,ct,t_killed,,not_planted,Natus Vincere,Team Spirit,Natus Vincere,28900,16950,0,1,Full Buy,Semi-Buy,t,natus-vincere-vs-spirit-m3-nuke.dem
25,202446,206180,214839,215159,t,ct_killed,212712,bombsite_b,Natus Vincere,Team Spirit,Team Spirit,30100,26450,1,1,Full Buy,Full Buy,t,natus-vincere-vs-spirit-m3-nuke.dem
26,215159,216439,222371,222691,ct,t_killed,,not_planted,Natus Vincere,Team Spirit,Natus Vincere,28950,28050,2,0,Full Buy,Full Buy,ct,natus-vincere-vs-spirit-m3-nuke.dem
27,222691,223971,229401,229945,ct,bomb_defused,227804,bombsite_b,Natus Vincere,Team Spirit,Natus Vincere,31950,28050,0,1,Full Buy,Full Buy,t,natus-vincere-vs-spirit-m3-nuke.dem
28,229945,233836,239501,239821,ct,t_killed,,not_planted,Team Spirit,Natus Vincere,Team Spirit,29850,25200,1,1,Full Buy,Full Buy,t,natus-vincere-vs-spirit-m3-nuke.dem
29,239821,241101,248678,248998,t,ct_killed,247302,bombsite_b,Team Spirit,Natus Vincere,Natus Vincere,31250,25000,0,2,Full Buy,Full Buy,ct,natus-vincere-vs-spirit-m3-nuke.dem
30,248998,250278,255327,255327,t,ct_killed,253634,bombsite_b,Team Spirit,Natus Vincere,Natus Vincere,30850,25600,1,0,Full Buy,Full Buy,ct,natus-vincere-vs-spirit-m3-nuke.dem
1,1,1264,6260,6580,t,ct_killed,4280,bombsite_b,Team Spirit,Astralis,Astralis,4300,4550,0,0,Pistol,Pistol,t,spirit-vs-astralis-m1-nuke.dem
2,6580,7860,12027,12347,t,ct_killed,10297,bombsite_b,Team Spirit,Astralis,Astralis,10550,18000,2,0,Semi-Buy,Semi-Buy,ct,spirit-vs-astralis-m1-nuke.dem
3,12347,13627,23090,23410,t,bomb_exploded,20466,bombsite_b,Team Spirit,Astralis,Astralis,4650,23000,3,0,Full Eco,Full Buy,t,spirit-vs-astralis-m1-nuke.dem
4,23410,24690,32050,32370,ct,time_ran_out,,not_planted,Team Spirit,Astralis,Team Spirit,26450,26500,4,0,Full Buy,Full Buy,t,spirit-vs-astralis-m1-nuke.dem
5,32370,33650,39446,39766,t,ct_killed,39102,bombsite_b,Team Spirit,Astralis,Astralis,28200,26750,2,1,Full Buy,Full Buy,ct,spirit-vs-astralis-m1-nuke.dem
6,39766,43350,50100,50420,t,ct_killed,47765,bombsite_b,Team Spirit,Astralis,Astralis,7750,25500,3,0,Semi-Eco,Full Buy,t,spirit-vs-astralis-m1-nuke.dem
7,50420,54688,61143,61463,ct,t_killed,,not_planted,Team Spirit,Astralis,Team Spirit,25250,27450,4,0,Full Buy,Full Buy,t,spirit-vs-astralis-m1-nuke.dem
8,61463,62743,66215,66535,ct,t_killed,,not_planted,Team Spirit,Astralis,Team Spirit,26550,19300,2,1,Full Buy,Semi-Buy,ct,spirit-vs-astralis-m1-nuke.dem
9,66535,67815,70531,70851,ct,t_killed,,not_planted,Team Spirit,Astralis,Team Spirit,28600,2200,1,2,Full Buy,Full Eco,t,spirit-vs-astralis-m1-nuke.dem
10,70851,74528,77797,78117,ct,t_killed,,not_planted,Team Spirit,Astralis,Team Spirit,29200,21800,0,3,Full Buy,Full Buy,ct,spirit-vs-astralis-m1-nuke.dem
11,78117,79397,84322,84642,ct,t_killed,,not_planted,Team Spirit,Astralis,Team Spirit,30250,5400,0,4,Full Buy,Semi-Eco,t,spirit-vs-astralis-m1-nuke.dem
12,84642,85922,88576,89120,ct,t_killed,,not_planted,Team Spirit,Astralis,Team Spirit,31650,24600,0,5,Full Buy,Full Buy,ct,spirit-vs-astralis-m1-nuke.dem
13,89120,103488,108332,108652,t,bomb_exploded,105708,bombsite_b,Astralis,Team Spirit,Team Spirit,4250,4200,1,1,Pistol,Pistol,t,spirit-vs-astralis-m1-nuke.dem
14,108652,109932,118936,119256,t,bomb_exploded,116312,bombsite_b,Astralis,Team Spirit,Team Spirit,10500,21150,2,0,Semi-Buy,Full Buy,t,spirit-vs-astralis-m1-nuke.dem
15,119256,120536,126813,127133,t,ct_killed,126027,bombsite_b,Astralis,Team Spirit,Team Spirit,6650,23500,3,0,Semi-Eco,Full Buy,ct,spirit-vs-astralis-m1-nuke.dem
16,127133,130592,135377,135697,t,ct_killed,132878,bombsite_b,Astralis,Team Spirit,Team Spirit,26350,24900,4,0,Full Buy,Full Buy,ct,spirit-vs-astralis-m1-nuke.dem
17,135697,139348,145893,146213,t,ct_killed,,not_planted,Astralis,Team Spirit,Team Spirit,20350,27650,5,0,Full Buy,Full Buy,t,spirit-vs-astralis-m1-nuke.dem
18,146213,147493,153972,153972,t,ct_killed,,not_planted,Astralis,Team Spirit,Team Spirit,19350,25300,6,0,Semi-Buy,Full Buy,ct,spirit-vs-astralis-m1-nuke.dem
1,1,1266,7997,8317,t,ct_killed,6477,bombsite_b,Astralis,Team Spirit,Team Spirit,4350,4650,0,0,Pistol,Pistol,t,spirit-vs-astralis-m2-dust2-p1.dem
2,8317,9597,17459,17779,ct,bomb_defused,15049,bombsite_b,Astralis,Team Spirit,Astralis,10250,19750,2,0,Semi-Buy,Semi-Buy,ct,spirit-vs-astralis-m2-dust2-p1.dem
1,7,1692,6921,7241,ct,t_killed,,not_planted,Astralis,Team Spirit,Astralis,24800,13500,0,0,Pistol,Pistol,t,spirit-vs-astralis-m2-dust2-p2.dem
2,7241,8521,12127,12447,ct,t_killed,,not_planted,Astralis,Team Spirit,Astralis,22100,1500,0,2,Full Buy,Full Eco,ct,spirit-vs-astralis-m2-dust2-p2.dem
3,12447,13727,22006,22326,t,bomb_exploded,19382,bombsite_b,Astralis,Team Spirit,Team Spirit,27500,22300,0,3,Full Buy,Full Buy,t,spirit-vs-astralis-m2-dust2-p2.dem
4,22326,26339,34572,34892,t,bomb_exploded,31948,bombsite_b,Astralis,Team Spirit,Team Spirit,28800,23450,1,1,Full Buy,Full Buy,t,spirit-vs-astralis-m2-dust2-p2.dem
5,34892,36172,43466,43786,t,bomb_exploded,40842,bombsite_b,Astralis,Team Spirit,Team Spirit,6300,27150,2,0,Semi-Eco,Full Buy,ct,spirit-vs-astralis-m2-dust2-p2.dem
6,43786,45066,52426,52746,ct,time_ran_out,,not_planted,Astralis,Team Spirit,Astralis,26250,27250,3,0,Full Buy,Full Buy,t,spirit-vs-astralis-m2-dust2-p2.dem
7,52746,54026,59940,60260,t,bomb_exploded,57316,bombsite_b,Astralis,Team Spirit,Team Spirit,24550,23950,1,1,Full Buy,Full Buy,t,spirit-vs-astralis-m2-dust2-p2.dem
8,60260,63533,72273,72593,t,bomb_exploded,69649,bombsite_b,Astralis,Team Spirit,Team Spirit,23150,21750,2,0,Full Buy,Full Buy,ct,spirit-vs-astralis-m2-dust2-p2.dem
9,72593,73873,80076,80396,t,ct_killed,78157,bombsite_b,Astralis,Team Spirit,Team Spirit,22200,26350,3,0,Full Buy,Full Buy,t,spirit-vs-astralis-m2-dust2-p2.dem
10,80396,84257,90410,90954,t,ct_killed,,not_planted,Astralis,Team Spirit,Team Spirit,21250,27550,4,0,Full Buy,Full Buy,ct,spirit-vs-astralis-m2-dust2-p2.dem
11,90954,105123,108468,108788,ct,t_killed,,not_planted,Team Spirit,Astralis,Team Spirit,4950,4650,1,1,Full Eco,Full Eco,t,spirit-vs-astralis-m2-dust2-p2.dem
12,108788,110068,115256,115576,ct,bomb_defused,113857,bombsite_b,Team Spirit,Astralis,Team Spirit,20300,9850,0,2,Full Buy,Semi-Eco,ct,spirit-vs-astralis-m2-dust2-p2.dem
13,115576,116856,121447,121767,ct,t_killed,,not_planted,Team Spirit,Astralis,Team Spirit,27850,18400,0,3,Pistol,Pistol,t,spirit-vs-astralis-m2-dust2-p2.dem
14,121767,123047,126926,127246,ct,t_killed,,not_planted,Team Spirit,Astralis,Team Spirit,28000,5050,0,4,Full Buy,Semi-Eco,t,spirit-vs-astralis-m2-dust2-p2.dem
15,127246,130713,137718,137718,ct,t_killed,,not_planted,Team Spirit,Astralis,Team Spirit,30850,26550,0,5,Full Buy,Full Buy,ct,spirit-vs-astralis-m2-dust2-p2.dem
1,1,1263,9171,9491,t,bomb_exploded,6547,bombsite_b,Eternal Fire,The MongolZ,The MongolZ,4000,4400,0,0,Pistol,Pistol,t,the-mongolz-vs-eternal-fire-m1-anubis.dem
2,9491,10771,18981,19301,t,bomb_exploded,16357,bombsite_b,Eternal Fire,The MongolZ,The MongolZ,10750,17250,2,0,Semi-Buy,Semi-Buy,ct,the-mongolz-vs-eternal-fire-m1-anubis.dem
3,19301,40394,47827,48147,t,ct_killed,45672,bombsite_b,Eternal Fire,The MongolZ,The MongolZ,11800,21150,3,0,Semi-Buy,Full Buy,t,the-mongolz-vs-eternal-fire-m1-anubis.dem
4,48147,49427,56787,57107,ct,time_ran_out,,not_planted,Eternal Fire,The MongolZ,Eternal Fire,27300,25850,4,0,Full Buy,Full Buy,t,the-mongolz-vs-eternal-fire-m1-anubis.dem
5,57107,60803,70066,70386,t,ct_killed,67681,bombsite_b,Eternal Fire,The MongolZ,The MongolZ,22800,26750,2,1,Full Buy,Full Buy,ct,the-mongolz-vs-eternal-fire-m1-anubis.dem
6,70386,71666,77858,78178,t,ct_killed,75774,bombsite_b,Eternal Fire,The MongolZ,The MongolZ,3650,27550,3,0,Full Eco,Full Buy,t,the-mongolz-vs-eternal-fire-m1-anubis.dem
7,78178,79458,87178,87498,t,bomb_exploded,84554,bombsite_b,Eternal Fire,The MongolZ,The MongolZ,25700,28250,4,0,Full Buy,Full Buy,t,the-mongolz-vs-eternal-fire-m1-anubis.dem
8,87498,88778,96138,96458,ct,time_ran_out,,not_planted,Eternal Fire,The MongolZ,Eternal Fire,8350,28250,5,0,Semi-Eco,Full Buy,ct,the-mongolz-vs-eternal-fire-m1-anubis.dem
9,96458,100131,106647,106967,t,bomb_exploded,104023,bombsite_b,Eternal Fire,The MongolZ,The MongolZ,28800,27750,3,1,Full Buy,Full Buy,t,the-mongolz-vs-eternal-fire-m1-anubis.dem
10,106967,110699,118059,118379,ct,time_ran_out,,not_planted,Eternal Fire,The MongolZ,Eternal Fire,28650,27850,4,0,Full Buy,Full Buy,ct,the-mongolz-vs-eternal-fire-m1-anubis.dem
11,118379,119659,126330,126650,ct,t_killed,,not_planted,Eternal Fire,The MongolZ,Eternal Fire,19550,24450,2,1,Semi-Buy,Full Buy,t,the-mongolz-vs-eternal-fire-m1-anubis.dem
12,126650,130543,135740,136284,t,ct_killed,133697,bombsite_b,Eternal Fire,The MongolZ,The MongolZ,28200,14750,1,2,Full Buy,Semi-Buy,ct,the-mongolz-vs-eternal-fire-m1-anubis.dem
13,136284,150120,156209,156529,t,ct_killed,154343,bombsite_b,The MongolZ,Eternal Fire,Eternal Fire,4000,4550,1,1,Pistol,Pistol,t,the-mongolz-vs-eternal-fire-m1-anubis.dem
14,156529,157809,161162,161482,t,ct_killed,,not_planted,The MongolZ,Eternal Fire,Eternal Fire,1200,18900,2,0,Full Eco,Semi-Buy,t,the-mongolz-vs-eternal-fire-m1-anubis.dem
15,161482,162762,167715,168035,ct,t_killed,,not_planted,The MongolZ,Eternal Fire,The MongolZ,23400,23650,3,0,Full Buy,Full Buy,ct,the-mongolz-vs-eternal-fire-m1-anubis.dem
16,168035,169315,176062,176382,ct,bomb_defused,173927,bombsite_b,The MongolZ,Eternal Fire,The MongolZ,24950,18400,1,1,Full Buy,Semi-Buy,ct,the-mongolz-vs-eternal-fire-m1-anubis.dem
17,176382,179983,184986,185306,t,bomb_exploded,182362,bombsite_b,The MongolZ,Eternal Fire,Eternal Fire,28950,8700,0,2,Full Buy,Semi-Eco,t,the-mongolz-vs-eternal-fire-m1-anubis.dem
18,185306,188849,194945,195265,ct,t_killed,,not_planted,The MongolZ,Eternal Fire,The MongolZ,18850,26650,1,0,Semi-Buy,Full Buy,ct,the-mongolz-vs-eternal-fire-m1-anubis.dem
19,195265,196545,201267,201587,ct,t_killed,,not_planted,The MongolZ,Eternal Fire,The MongolZ,28950,12500,0,1,Full Buy,Semi-Buy,ct,the-mongolz-vs-eternal-fire-m1-anubis.dem
20,201587,202867,204672,204672,ct,t_killed,,not_planted,The MongolZ,Eternal Fire,The MongolZ,31100,9000,0,2,Full Buy,Semi-Eco,ct,the-mongolz-vs-eternal-fire-m1-anubis.dem
1,1,1264,5898,6218,t,ct_killed,3809,bombsite_b,Eternal Fire,The MongolZ,The MongolZ,4300,5300,0,0,Pistol,Pistol,t,the-mongolz-vs-eternal-fire-m2-mirage-p1.dem
1,8,1618,4459,4779,t,ct_killed,3253,bombsite_b,Eternal Fire,The MongolZ,The MongolZ,11700,19400,0,0,Pistol,Pistol,t,the-mongolz-vs-eternal-fire-m2-mirage-p2.dem
2,4779,6059,11345,11665,t,ct_killed,,not_planted,Eternal Fire,The MongolZ,The MongolZ,2400,23500,3,0,Full Eco,Full Buy,ct,the-mongolz-vs-eternal-fire-m2-mirage-p2.dem
3,11665,12945,17749,18069,t,ct_killed,17371,bombsite_b,Eternal Fire,The MongolZ,The MongolZ,27000,27550,4,0,Full Buy,Full Buy,t,the-mongolz-vs-eternal-fire-m2-mirage-p2.dem
4,18069,19349,27187,27507,t,bomb_exploded,24563,bombsite_b,Eternal Fire,The MongolZ,The MongolZ,10500,27350,5,0,Semi-Buy,Full Buy,t,the-mongolz-vs-eternal-fire-m2-mirage-p2.dem
5,27507,30707,37207,37527,ct,t_killed,,not_planted,Eternal Fire,The MongolZ,Eternal Fire,26350,27350,6,0,Full Buy,Full Buy,ct,the-mongolz-vs-eternal-fire-m2-mirage-p2.dem
6,37527,38807,42074,42394,ct,t_killed,,not_planted,Eternal Fire,The MongolZ,Eternal Fire,28700,27250,3,1,Full Buy,Full Buy,t,the-mongolz-vs-eternal-fire-m2-mirage-p2.dem
7,42394,43674,47082,47402,ct,t_killed,,not_planted,Eternal Fire,The MongolZ,Eternal Fire,30350,10600,2,2,Full Buy,Semi-Buy,t,the-mongolz-vs-eternal-fire-m2-mirage-p2.dem
8,47402,50698,55595,55915,t,ct_killed,53322,bombsite_b,Eternal Fire,The MongolZ,The MongolZ,30750,25950,1,3,Full Buy,Full Buy,ct,the-mongolz-vs-eternal-fire-m2-mirage-p2.dem
9,55915,57195,63006,63326,ct,t_killed,,not_planted,Eternal Fire,The MongolZ,Eternal Fire,24850,26250,2,1,Full Buy,Full Buy,t,the-mongolz-vs-eternal-fire-m2-mirage-p2.dem
10,63326,64606,72566,72886,t,ct_killed,70520,bombsite_b,Eternal Fire,The MongolZ,The MongolZ,28100,11150,0,2,Full Buy,Semi-Buy,ct,the-mongolz-vs-eternal-fire-m2-mirage-p2.dem
11,72886,74166,81396,81940,t,ct_killed,79637,bombsite_b,Eternal Fire,The MongolZ,The MongolZ,14900,23850,1,0,Semi-Buy,Full Buy,t,the-mongolz-vs-eternal-fire-m2-mirage-p2.dem
12,81940,96288,103363,103683,ct,bomb_defused,101318,bombsite_b,The MongolZ,Eternal Fire,The MongolZ,4000,4200,1,1,Full Eco,Full Eco,ct,the-mongolz-vs-eternal-fire-m2-mirage-p2.dem
13,103683,104963,108758,109078,ct,bomb_defused,107183,bombsite_b,The MongolZ,Eternal Fire,The MongolZ,22400,14950,0,2,Pistol,Pistol,t,the-mongolz-vs-eternal-fire-m2-mirage-p2.dem
14,109078,112278,118260,118580,t,ct_killed,116877,bombsite_b,The MongolZ,Eternal Fire,Eternal Fire,28850,17000,0,3,Full Buy,Semi-Buy,t,the-mongolz-vs-eternal-fire-m2-mirage-p2.dem
15,118580,119860,127583,127903,t,ct_killed,125915,bombsite_b,The MongolZ,Eternal Fire,Eternal Fire,10350,27750,1,1,Semi-Buy,Full Buy,ct,the-mongolz-vs-eternal-fire-m2-mirage-p2.dem
16,127903,129183,137067,137387,t,bomb_exploded,134443,bombsite_b,The MongolZ,Eternal Fire,Eternal Fire,1400,29250,2,0,Full Eco,Full Buy,ct,the-mongolz-vs-eternal-fire-m2-mirage-p2.dem
17,137387,140970,147296,147616,t,ct_killed,145482,bombsite_b,The MongolZ,Eternal Fire,Eternal Fire,27750,28150,3,0,Full Buy,Full Buy,t,the-mongolz-vs-eternal-fire-m2-mirage-p2.dem
18,147616,148896,157682,158002,t,bomb_exploded,155058,bombsite_b,The MongolZ,Eternal Fire,Eternal Fire,8850,28250,4,0,Semi-Eco,Full Buy,ct,the-mongolz-vs-eternal-fire-m2-mirage-p2.dem
19,158002,159282,166212,166531,t,ct_killed,,not_planted,The MongolZ,Eternal Fire,Eternal Fire,29300,28350,5,0,Full Buy,Full Buy,ct,the-mongolz-vs-eternal-fire-m2-mirage-p2.dem
20,166531,169996,176912,177232,t,bomb_exploded,174288,bombsite_b,The MongolZ,Eternal Fire,Eternal Fire,22900,28450,6,0,Full Buy,Full Buy,ct,the-mongolz-vs-eternal-fire-m2-mirage-p2.dem
21,177232,178512,182955,183275,ct,t_killed,,not_planted,The MongolZ,Eternal Fire,The MongolZ,29500,27750,7,0,Full Buy,Full Buy,ct,the-mongolz-vs-eternal-fire-m2-mirage-p2.dem
22,183275,184555,193694,194014,t,bomb_exploded,191070,bombsite_b,The MongolZ,Eternal Fire,Eternal Fire,31850,27650,3,1,Full Buy,Full Buy,t,the-mongolz-vs-eternal-fire-m2-mirage-p2.dem
23,194014,195294,203438,203982,ct,bomb_defused,201769,bombsite_b,The MongolZ,Eternal Fire,The MongolZ,28800,27950,4,0,Full Buy,Full Buy,t,the-mongolz-vs-eternal-fire-m2-mirage-p2.dem
24,203982,205262,208336,208656,t,ct_killed,208162,bombsite_b,The MongolZ,Eternal Fire,Eternal Fire,29250,27250,1,1,Full Buy,Full Buy,t,the-mongolz-vs-eternal-fire-m2-mirage-p2.dem
25,208656,209936,216671,216991,ct,t_killed,,not_planted,The MongolZ,Eternal Fire,The MongolZ,30100,27550,2,0,Full Buy,Full Buy,t,the-mongolz-vs-eternal-fire-m2-mirage-p2.dem
26,216991,218271,224060,224604,t,ct_killed,222677,bombsite_b,The MongolZ,Eternal Fire,Eternal Fire,32500,29700,0,1,Full Buy,Full Buy,ct,the-mongolz-vs-eternal-fire-m2-mirage-p2.dem
27,224604,228708,234887,235207,t,ct_killed,234111,bombsite_b,Eternal Fire,The MongolZ,The MongolZ,30550,27250,1,1,Full Buy,Full Buy,t,the-mongolz-vs-eternal-fire-m2-mirage-p2.dem
28,235207,236487,243917,244237,ct,bomb_defused,241731,bombsite_b,Eternal Fire,The MongolZ,Eternal Fire,32400,27950,2,0,Full Buy,Full Buy,t,the-mongolz-vs-eternal-fire-m2-mirage-p2.dem
29,244237,248330,252803,253347,t,ct_killed,251551,bombsite_b,Eternal Fire,The MongolZ,The MongolZ,31850,28250,0,1,Full Buy,Full Buy,ct,the-mongolz-vs-eternal-fire-m2-mirage-p2.dem
30,253347,254627,263248,263568,t,bomb_exploded,260624,bombsite_b,Eternal Fire,The MongolZ,The MongolZ,30850,27450,1,1,Full Buy,Full Buy,ct,the-mongolz-vs-eternal-fire-m2-mirage-p2.dem
31,263568,264848,267848,268168,ct,t_killed,,not_planted,Eternal Fire,The MongolZ,Eternal Fire,32300,29700,2,0,Full Buy,Full Buy,ct,the-mongolz-vs-eternal-fire-m2-mirage-p2.dem
32,268168,271824,276465,277009,ct,t_killed,,not_planted,Eternal Fire,The MongolZ,Eternal Fire,32700,26200,0,1,Full Buy,Full Buy,t,the-mongolz-vs-eternal-fire-m2-mirage-p2.dem
33,277009,278289,285246,285566,ct,t_killed,,not_planted,The MongolZ,Eternal Fire,The MongolZ,31200,27650,1,1,Full Buy,Full Buy,ct,the-mongolz-vs-eternal-fire-m2-mirage-p2.dem
1,8,4319,13015,13335,t,bomb_exploded,10391,bombsite_b,The MongolZ,Eternal Fire,Eternal Fire,32650,27250,0,0,Pistol,Pistol,t,the-mongolz-vs-eternal-fire-m2-mirage-p3.dem
2,13335,14615,16441,16985,ct,t_killed,,not_planted,The MongolZ,Eternal Fire,The MongolZ,33150,27850,1,0,Full Buy,Full Buy,ct,the-mongolz-vs-eternal-fire-m2-mirage-p3.dem
3,16985,18265,24830,25150,ct,t_killed,,not_planted,The MongolZ,Eternal Fire,The MongolZ,29350,27950,1,1,Full Buy,Full Buy,t,the-mongolz-vs-eternal-fire-m2-mirage-p3.dem
4,25150,29053,33655,33975,ct,t_killed,,not_planted,The MongolZ,Eternal Fire,The MongolZ,30700,27650,0,2,Full Buy,Full Buy,t,the-mongolz-vs-eternal-fire-m2-mirage-p3.dem
5,33975,35255,40341,40885,ct,t_killed,,not_planted,The MongolZ,Eternal Fire,The MongolZ,33250,26550,0,3,Full Buy,Full Buy,ct,the-mongolz-vs-eternal-fire-m2-mirage-p3.dem
6,40885,42165,45470,45470,t,ct_killed,,not_planted,Eternal Fire,The MongolZ,The MongolZ,31250,27550,1,1,Full Buy,Full Buy,t,the-mongolz-vs-eternal-fire-m2-mirage-p3.dem
1,1,1267,7205,7525,t,ct_killed,,not_planted,The MongolZ,Team Liquid,Team Liquid,4250,4450,0,0,Pistol,Pistol,t,the-mongolz-vs-liquid-m1-nuke-p1.dem
2,7525,8805,12640,12960,ct,t_killed,,not_planted,The MongolZ,Team Liquid,The MongolZ,10500,16600,2,0,Semi-Buy,Semi-Buy,ct,the-mongolz-vs-liquid-m1-nuke-p1.dem
3,12960,14240,16672,16992,ct,t_killed,,not_planted,The MongolZ,Team Liquid,The MongolZ,22950,8650,0,1,Full Buy,Semi-Eco,t,the-mongolz-vs-liquid-m1-nuke-p1.dem
4,16992,18272,21330,21650,ct,t_killed,,not_planted,The MongolZ,Team Liquid,The MongolZ,22050,1500,0,2,Full Buy,Full Eco,t,the-mongolz-vs-liquid-m1-nuke-p1.dem
5,21650,27825,33785,34105,ct,bomb_defused,31341,bombsite_b,The MongolZ,Team Liquid,The MongolZ,27600,22900,0,3,Full Buy,Full Buy,ct,the-mongolz-vs-liquid-m1-nuke-p1.dem
6,34105,35385,40809,41129,t,ct_killed,40334,bombsite_b,The MongolZ,Team Liquid,Team Liquid,29750,24150,0,4,Full Buy,Full Buy,t,the-mongolz-vs-liquid-m1-nuke-p1.dem
7,41129,42409,48195,48515,t,bomb_exploded,45571,bombsite_b,The MongolZ,Team Liquid,Team Liquid,27850,27750,1,2,Full Buy,Full Buy,t,the-mongolz-vs-liquid-m1-nuke-p1.dem
8,48515,49795,57101,57421,t,bomb_exploded,54477,bombsite_b,The MongolZ,Team Liquid,Team Liquid,8200,27550,2,1,Semi-Eco,Full Buy,ct,the-mongolz-vs-liquid-m1-nuke-p1.dem
9,57421,60722,68060,68380,ct,bomb_defused,66866,bombsite_b,The MongolZ,Team Liquid,The MongolZ,27400,27550,3,0,Full Buy,Full Buy,t,the-mongolz-vs-liquid-m1-nuke-p1.dem
1,7,1461,8265,8585,t,bomb_exploded,5641,bombsite_b,The MongolZ,Team Liquid,Team Liquid,29100,25200,0,0,Pistol,Pistol,t,the-mongolz-vs-liquid-m1-nuke-p2.dem
2,8585,9865,16687,17007,ct,t_killed,,not_planted,The MongolZ,Team Liquid,The MongolZ,27750,25500,2,0,Full Buy,Full Buy,ct,the-mongolz-vs-liquid-m1-nuke-p2.dem
3,17007,18287,22243,22787,t,ct_killed,,not_planted,The MongolZ,Team Liquid,Team Liquid,30050,27850,0,1,Full Buy,Full Buy,t,the-mongolz-vs-liquid-m1-nuke-p2.dem
4,22787,47120,51731,52051,t,ct_killed,51017,bombsite_b,Team Liquid,The MongolZ,The MongolZ,4000,4250,1,1,Full Eco,Full Eco,t,the-mongolz-vs-liquid-m1-nuke-p2.dem
5,52051,53331,58275,58594,t,ct_killed,,not_planted,Team Liquid,The MongolZ,The MongolZ,11000,19600,2,0,Semi-Buy,Semi-Buy,ct,the-mongolz-vs-liquid-m1-nuke-p2.dem
6,58594,59874,68989,69309,t,bomb_exploded,66365,bombsite_b,Team Liquid,The MongolZ,The MongolZ,14450,18450,3,0,Semi-Buy,Semi-Buy,t,the-mongolz-vs-liquid-m1-nuke-p2.dem
1,7,4163,10870,11190,ct,t_killed,,not_planted,Team Liquid,The MongolZ,Team Liquid,11700,25100,0,0,Pistol,Pistol,t,the-mongolz-vs-liquid-m1-nuke-p3.dem
2,11190,14911,19513,19833,t,ct_killed,18440,bombsite_b,Team Liquid,The MongolZ,The MongolZ,29750,14350,2,1,Full Buy,Semi-Buy,ct,the-mongolz-vs-liquid-m1-nuke-p3.dem
3,19833,21113,24810,25130,ct,t_killed,,not_planted,Team Liquid,The MongolZ,Team Liquid,22800,23050,3,0,Full Buy,Full Buy,t,the-mongolz-vs-liquid-m1-nuke-p3.dem
4,25130,26410,30304,30624,ct,t_killed,,not_planted,Team Liquid,The MongolZ,Team Liquid,29750,1000,1,1,Full Buy,Full Eco,t,the-mongolz-vs-liquid-m1-nuke-p3.dem
5,30624,34191,39377,39697,ct,t_killed,,not_planted,Team Liquid,The MongolZ,Team Liquid,30150,21700,0,2,Full Buy,Full Buy,ct,the-mongolz-vs-liquid-m1-nuke-p3.dem
6,39697,40977,45688,46008,ct,bomb_defused,43862,bombsite_b,Team Liquid,The MongolZ,Team Liquid,30350,3900,0,3,Full Buy,Full Eco,t,the-mongolz-vs-liquid-m1-nuke-p3.dem
7,46008,47288,55615,55935,ct,bomb_defused,54457,bombsite_b,Team Liquid,The MongolZ,Team Liquid,31050,25300,0,4,Full Buy,Full Buy,t,the-mongolz-vs-liquid-m1-nuke-p3.dem
8,55935,57215,63155,63155,ct,bomb_defused,60891,bombsite_b,Team Liquid,The MongolZ,Team Liquid,30650,24700,0,5,Full Buy,Full Buy,ct,the-mongolz-vs-liquid-m1-nuke-p3.dem
1,1,1268,3680,4000,t,ct_killed,,not_planted,Team Liquid,The MongolZ,The MongolZ,4350,4350,0,0,Pistol,Pistol,t,the-mongolz-vs-liquid-m2-mirage.dem
2,4000,5280,10120,10440,t,ct_killed,,not_planted,Team Liquid,The MongolZ,The MongolZ,7300,19200,2,0,Semi-Eco,Semi-Buy,ct,the-mongolz-vs-liquid-m2-mirage.dem
3,10440,11720,14324,14644,t,ct_killed,,not_planted,Team Liquid,The MongolZ,The MongolZ,2300,22000,3,0,Full Eco,Full Buy,t,the-mongolz-vs-liquid-m2-mirage.dem
4,14644,15924,22913,23233,ct,t_killed,,not_planted,Team Liquid,The MongolZ,Team Liquid,26900,24500,4,0,Full Buy,Full Buy,t,the-mongolz-vs-liquid-m2-mirage.dem
5,23233,24513,29048,29368,t,bomb_exploded,26424,bombsite_b,Team Liquid,The MongolZ,The MongolZ,26750,23700,2,1,Full Buy,Full Buy,ct,the-mongolz-vs-liquid-m2-mirage.dem
6,29368,30648,36393,36713,ct,t_killed,,not_planted,Team Liquid,The MongolZ,Team Liquid,22600,27250,3,0,Full Buy,Full Buy,t,the-mongolz-vs-liquid-m2-mirage.dem
7,36713,37993,44156,44476,t,ct_killed,,not_planted,Team Liquid,The MongolZ,The MongolZ,25000,21200,1,1,Full Buy,Full Buy,t,the-mongolz-vs-liquid-m2-mirage.dem
8,44476,45756,53956,54276,t,bomb_exploded,51332,bombsite_b,Team Liquid,The MongolZ,The MongolZ,1300,25300,2,0,Full Eco,Full Buy,ct,the-mongolz-vs-liquid-m2-mirage.dem
9,54276,57807,66213,66533,t,bomb_exploded,63589,bombsite_b,Team Liquid,The MongolZ,The MongolZ,25500,27250,3,0,Full Buy,Full Buy,t,the-mongolz-vs-liquid-m2-mirage.dem
10,66533,67813,73953,74273,ct,t_killed,,not_planted,Team Liquid,The MongolZ,Team Liquid,21950,27350,4,0,Full Buy,Full Buy,ct,the-mongolz-vs-liquid-m2-mirage.dem
11,74273,75553,83771,84091,t,bomb_exploded,81147,bombsite_b,Team Liquid,The MongolZ,The MongolZ,27800,23250,2,1,Full Buy,Full Buy,t,the-mongolz-vs-liquid-m2-mirage.dem
12,84091,87367,94401,94945,ct,t_killed,,not_planted,Team Liquid,The MongolZ,Team Liquid,22150,28450,3,0,Full Buy,Full Buy,ct,the-mongolz-vs-liquid-m2-mirage.dem
13,94945,109505,112186,112506,t,ct_killed,,not_planted,The MongolZ,Team Liquid,Team Liquid,4050,4200,1,1,Pistol,Pistol,t,the-mongolz-vs-liquid-m2-mirage.dem
14,112506,113786,120376,120696,t,bomb_exploded,117752,bombsite_b,The MongolZ,Team Liquid,Team Liquid,10700,18800,2,0,Semi-Buy,Semi-Buy,t,the-mongolz-vs-liquid-m2-mirage.dem
15,120696,121976,130803,131123,t,bomb_exploded,128179,bombsite_b,The MongolZ,Team Liquid,Team Liquid,7000,23050,3,0,Semi-Eco,Full Buy,ct,the-mongolz-vs-liquid-m2-mirage.dem
16,131123,132403,139550,139870,ct,t_killed,,not_planted,The MongolZ,Team Liquid,The MongolZ,27050,25800,4,0,Full Buy,Full Buy,ct,the-mongolz-vs-liquid-m2-mirage.dem
17,139870,141150,147282,147602,t,ct_killed,146938,bombsite_b,The MongolZ,Team Liquid,Team Liquid,28950,22500,2,1,Full Buy,Full Buy,t,the-mongolz-vs-liquid-m2-mirage.dem
18,147602,148882,153768,154088,ct,bomb_defused,151957,bombsite_b,The MongolZ,Team Liquid,The MongolZ,22250,25900,3,0,Full Buy,Full Buy,ct,the-mongolz-vs-liquid-m2-mirage.dem
19,154088,155368,160767,161087,ct,t_killed,,not_planted,The MongolZ,Team Liquid,The MongolZ,25350,23800,1,1,Full Buy,Full Buy,ct,the-mongolz-vs-liquid-m2-mirage.dem
20,161087,164757,167689,168009,ct,t_killed,,not_planted,The MongolZ,Team Liquid,The MongolZ,29750,7900,0,2,Full Buy,Semi-Eco,ct,the-mongolz-vs-liquid-m2-mirage.dem
21,168009,169289,175092,175092,ct,bomb_defused,173145,bombsite_b,The MongolZ,Team Liquid,The MongolZ,30150,21400,0,3,Full Buy,Full Buy,ct,the-mongolz-vs-liquid-m2-mirage.dem
1,1,1267,5731,6051,ct,t_killed,,not_planted,The MongolZ,Team Liquid,The MongolZ,4450,4350,0,0,Pistol,Pistol,t,the-mongolz-vs-liquid-m3-ancient.dem
2,6051,7331,13967,14287,ct,t_killed,,not_planted,The MongolZ,Team Liquid,The MongolZ,20250,1000,0,2,Full Buy,Full Eco,ct,the-mongolz-vs-liquid-m3-ancient.dem
3,14287,15567,21505,21825,t,ct_killed,,not_planted,The MongolZ,Team Liquid,Team Liquid,24100,22700,0,3,Full Buy,Full Buy,t,the-mongolz-vs-liquid-m3-ancient.dem
4,21825,23105,27746,28066,t,bomb_exploded,25122,bombsite_b,The MongolZ,Team Liquid,Team Liquid,16850,25500,1,1,Semi-Buy,Full Buy,t,the-mongolz-vs-liquid-m3-ancient.dem
5,28066,29346,34215,34535,t,ct_killed,,not_planted,The MongolZ,Team Liquid,Team Liquid,1500,23750,2,0,Full Eco,Full Buy,ct,the-mongolz-vs-liquid-m3-ancient.dem
6,34535,35815,42448,42768,ct,t_killed,,not_planted,The MongolZ,Team Liquid,The MongolZ,23350,24150,3,0,Full Buy,Full Buy,t,the-mongolz-vs-liquid-m3-ancient.dem
7,42768,44048,48174,48494,ct,t_killed,,not_planted,The MongolZ,Team Liquid,The MongolZ,21600,24000,1,1,Full Buy,Full Buy,t,the-mongolz-vs-liquid-m3-ancient.dem
8,48494,49774,53056,53376,ct,t_killed,,not_planted,The MongolZ,Team Liquid,The MongolZ,27300,3100,0,2,Full Buy,Full Eco,ct,the-mongolz-vs-liquid-m3-ancient.dem
9,53376,56620,63027,63347,t,ct_killed,,not_planted,The MongolZ,Team Liquid,Team Liquid,30050,23800,0,3,Full Buy,Full Buy,t,the-mongolz-vs-liquid-m3-ancient.dem
10,63347,64627,69380,69700,ct,t_killed,,not_planted,The MongolZ,Team Liquid,The MongolZ,16900,24200,1,1,Semi-Buy,Full Buy,ct,the-mongolz-vs-liquid-m3-ancient.dem
11,69700,70980,73780,74100,t,ct_killed,,not_planted,The MongolZ,Team Liquid,Team Liquid,24100,21900,0,2,Full Buy,Full Buy,t,the-mongolz-vs-liquid-m3-ancient.dem
12,74100,75380,78799,79343,t,ct_killed,77016,bombsite_b,The MongolZ,Team Liquid,Team Liquid,11350,22700,1,0,Semi-Buy,Full Buy,ct,the-mongolz-vs-liquid-m3-ancient.dem
13,79343,94342,99310,99630,ct,bomb_defused,97837,bombsite_b,Team Liquid,The MongolZ,Team Liquid,4000,5350,1,1,Pistol,Pistol,t,the-mongolz-vs-liquid-m3-ancient.dem
14,99630,100910,105604,105924,t,ct_killed,103415,bombsite_b,Team Liquid,The MongolZ,The MongolZ,15550,14250,0,2,Semi-Buy,Semi-Buy,t,the-mongolz-vs-liquid-m3-ancient.dem
15,105924,107204,114623,114943,t,bomb_exploded,111999,bombsite_b,Team Liquid,The MongolZ,The MongolZ,8600,23900,1,0,Semi-Eco,Full Buy,ct,the-mongolz-vs-liquid-m3-ancient.dem
16,114943,116223,122975,123295,t,bomb_exploded,120351,bombsite_b,Team Liquid,The MongolZ,The MongolZ,9250,23900,2,0,Semi-Eco,Full Buy,ct,the-mongolz-vs-liquid-m3-ancient.dem
17,123295,124575,129887,130207,t,bomb_exploded,127263,bombsite_b,Team Liquid,The MongolZ,The MongolZ,25550,23900,3,0,Full Buy,Full Buy,t,the-mongolz-vs-liquid-m3-ancient.dem
18,130207,133808,135766,136086,ct,t_killed,,not_planted,Team Liquid,The MongolZ,Team Liquid,26300,28550,4,0,Full Buy,Full Buy,ct,the-mongolz-vs-liquid-m3-ancient.dem
19,136086,137366,141604,141924,t,ct_killed,139776,bombsite_b,Team Liquid,The MongolZ,The MongolZ,30150,27350,2,1,Full Buy,Full Buy,ct,the-mongolz-vs-liquid-m3-ancient.dem
20,141924,143204,152994,153314,t,bomb_exploded,150370,bombsite_b,Team Liquid,The MongolZ,The MongolZ,6400,27750,3,0,Semi-Eco,Full Buy,ct,the-mongolz-vs-liquid-m3-ancient.dem
21,153314,156730,164807,165127,ct,bomb_defused,162740,bombsite_b,Team Liquid,The MongolZ,Team Liquid,29900,27850,4,0,Full Buy,Full Buy,ct,the-mongolz-vs-liquid-m3-ancient.dem
22,165127,168718,173035,173355,ct,t_killed,,not_planted,Team Liquid,The MongolZ,Team Liquid,29800,23500,2,1,Full Buy,Full Buy,t,the-mongolz-vs-liquid-m3-ancient.dem
23,173355,174635,177243,177563,ct,t_killed,,not_planted,Team Liquid,The MongolZ,Team Liquid,31250,5300,1,2,Full Buy,Semi-Eco,t,the-mongolz-vs-liquid-m3-ancient.dem
24,177563,178843,181377,181377,t,ct_killed,180377,bombsite_b,Team Liquid,The MongolZ,The MongolZ,31450,21650,0,3,Full Buy,Full Buy,t,the-mongolz-vs-liquid-m3-ancient.dem
1,1,1267,4430,4750,t,ct_killed,,not_planted,The MongolZ,Natus Vincere,Natus Vincere,3350,4400,0,0,Pistol,Pistol,t,the-mongolz-vs-natus-vincere-m1-mirage.dem
2,4750,6030,12222,12542,t,bomb_exploded,9598,bombsite_b,The MongolZ,Natus Vincere,Natus Vincere,9900,19400,2,0,Semi-Eco,Semi-Buy,ct,the-mongolz-vs-natus-vincere-m1-mirage.dem
3,12542,13822,21482,21802,t,ct_killed,19267,bombsite_b,The MongolZ,Natus Vincere,Natus Vincere,10750,23500,3,0,Semi-Buy,Full Buy,t,the-mongolz-vs-natus-vincere-m1-mirage.dem
4,21802,23082,29579,29899,t,bomb_exploded,26955,bombsite_b,The MongolZ,Natus Vincere,Natus Vincere,26800,25400,4,0,Full Buy,Full Buy,t,the-mongolz-vs-natus-vincere-m1-mirage.dem
5,29899,31179,35707,36027,t,ct_killed,35346,bombsite_b,The MongolZ,Natus Vincere,Natus Vincere,24300,27650,5,0,Full Buy,Full Buy,ct,the-mongolz-vs-natus-vincere-m1-mirage.dem
6,36027,37307,44284,44604,t,bomb_exploded,41660,bombsite_b,The MongolZ,Natus Vincere,Natus Vincere,11400,27950,6,0,Semi-Buy,Full Buy,t,the-mongolz-vs-natus-vincere-m1-mirage.dem
7,44604,47964,55053,55373,ct,bomb_defused,52809,bombsite_b,The MongolZ,Natus Vincere,The MongolZ,28100,27750,7,0,Full Buy,Full Buy,t,the-mongolz-vs-natus-vincere-m1-mirage.dem
8,55373,56653,58582,58902,t,ct_killed,,not_planted,The MongolZ,Natus Vincere,Natus Vincere,29300,26950,3,1,Full Buy,Full Buy,ct,the-mongolz-vs-natus-vincere-m1-mirage.dem
9,58902,60182,67229,67549,t,bomb_exploded,64605,bombsite_b,The MongolZ,Natus Vincere,Natus Vincere,8750,27550,4,0,Semi-Eco,Full Buy,t,the-mongolz-vs-natus-vincere-m1-mirage.dem
10,67549,71072,76248,76568,t,ct_killed,75509,bombsite_b,The MongolZ,Natus Vincere,Natus Vincere,30450,25200,5,0,Full Buy,Full Buy,ct,the-mongolz-vs-natus-vincere-m1-mirage.dem
11,76568,77848,84933,85253,t,bomb_exploded,82309,bombsite_b,The MongolZ,Natus Vincere,Natus Vincere,21050,25700,6,0,Full Buy,Full Buy,t,the-mongolz-vs-natus-vincere-m1-mirage.dem
12,85253,86533,91956,92500,t,ct_killed,91804,bombsite_b,The MongolZ,Natus Vincere,Natus Vincere,22250,25800,7,0,Full Buy,Full Buy,ct,the-mongolz-vs-natus-vincere-m1-mirage.dem
13,92500,106852,110160,110480,t,ct_killed,108668,bombsite_b,Natus Vincere,The MongolZ,The MongolZ,5100,4350,1,1,Pistol,Pistol,t,the-mongolz-vs-natus-vincere-m1-mirage.dem
14,110480,111760,114983,115303,t,ct_killed,,not_planted,Natus Vincere,The MongolZ,The MongolZ,1500,20900,2,0,Full Eco,Full Buy,t,the-mongolz-vs-natus-vincere-m1-mirage.dem
15,115303,116583,122088,122408,ct,t_killed,,not_planted,Natus Vincere,The MongolZ,Natus Vincere,23300,25150,3,0,Full Buy,Full Buy,ct,the-mongolz-vs-natus-vincere-m1-mirage.dem
16,122408,123688,128112,128112,ct,t_killed,,not_planted,Natus Vincere,The MongolZ,Natus Vincere,27900,13000,1,1,Full Buy,Semi-Buy,ct,the-mongolz-vs-natus-vincere-m1-mirage.dem
1,1,1266,3737,4057,ct,t_killed,,not_planted,Natus Vincere,The MongolZ,Natus Vincere,4350,4600,0,0,Pistol,Pistol,t,the-mongolz-vs-natus-vincere-m2-ancient.dem
2,4057,5337,8192,8512,ct,t_killed,,not_planted,Natus Vincere,The MongolZ,Natus Vincere,20500,10150,0,2,Full Buy,Semi-Buy,ct,the-mongolz-vs-natus-vincere-m2-ancient.dem
3,8512,9792,13587,13907,ct,bomb_defused,11671,bombsite_b,Natus Vincere,The MongolZ,Natus Vincere,24500,3300,0,3,Full Buy,Full Eco,t,the-mongolz-vs-natus-vincere-m2-ancient.dem
4,13907,15187,18192,18512,ct,t_killed,,not_planted,Natus Vincere,The MongolZ,Natus Vincere,28700,24700,0,4,Full Buy,Full Buy,t,the-mongolz-vs-natus-vincere-m2-ancient.dem
5,18512,19792,25767,26087,t,bomb_exploded,23143,bombsite_b,Natus Vincere,The MongolZ,The MongolZ,29950,11400,0,5,Full Buy,Semi-Buy,ct,the-mongolz-vs-natus-vincere-m2-ancient.dem
6,26087,29574,35162,35482,ct,t_killed,,not_planted,Natus Vincere,The MongolZ,Natus Vincere,29550,25300,1,3,Full Buy,Full Buy,t,the-mongolz-vs-natus-vincere-m2-ancient.dem
7,35482,36762,41730,42050,ct,bomb_defused,39969,bombsite_b,Natus Vincere,The MongolZ,Natus Vincere,29450,9900,0,4,Full Buy,Semi-Eco,t,the-mongolz-vs-natus-vincere-m2-ancient.dem
8,42050,43330,46581,46901,ct,t_killed,,not_planted,Natus Vincere,The MongolZ,Natus Vincere,30750,27450,0,5,Full Buy,Full Buy,ct,the-mongolz-vs-natus-vincere-m2-ancient.dem
9,46901,50300,56911,57231,ct,t_killed,,not_planted,Natus Vincere,The MongolZ,Natus Vincere,30550,12200,0,6,Full Buy,Semi-Buy,t,the-mongolz-vs-natus-vincere-m2-ancient.dem
10,57231,58511,65840,66160,t,ct_killed,64816,bombsite_b,Natus Vincere,The MongolZ,The MongolZ,31050,23600,0,7,Full Buy,Full Buy,ct,the-mongolz-vs-natus-vincere-m2-ancient.dem
11,66160,67440,76534,76854,t,bomb_exploded,73910,bombsite_b,Natus Vincere,The MongolZ,The MongolZ,26950,24550,1,3,Full Buy,Full Buy,t,the-mongolz-vs-natus-vincere-m2-ancient.dem
12,76854,78134,84169,84713,ct,t_killed,,not_planted,Natus Vincere,The MongolZ,Natus Vincere,17600,27950,2,2,Semi-Buy,Full Buy,ct,the-mongolz-vs-natus-vincere-m2-ancient.dem
13,84713,99329,102580,102900,ct,t_killed,,not_planted,The MongolZ,Natus Vincere,The MongolZ,4500,4350,1,1,Pistol,Pistol,t,the-mongolz-vs-natus-vincere-m2-ancient.dem
14,102900,104180,106511,106831,ct,t_killed,,not_planted,The MongolZ,Natus Vincere,The MongolZ,19450,2500,0,2,Semi-Buy,Full Eco,t,the-mongolz-vs-natus-vincere-m2-ancient.dem
15,106831,108111,116467,116787,ct,bomb_defused,115224,bombsite_b,The MongolZ,Natus Vincere,The MongolZ,23450,21750,0,3,Full Buy,Full Buy,ct,the-mongolz-vs-natus-vincere-m2-ancient.dem
16,116787,118067,124099,124419,ct,t_killed,,not_planted,The MongolZ,Natus Vincere,The MongolZ,30100,9050,0,4,Full Buy,Semi-Eco,ct,the-mongolz-vs-natus-vincere-m2-ancient.dem
17,124419,128080,135440,135760,ct,time_ran_out,,not_planted,The MongolZ,Natus Vincere,The MongolZ,30050,25300,0,5,Full Buy,Full Buy,t,the-mongolz-vs-natus-vincere-m2-ancient.dem
18,135760,139816,146582,146902,t,ct_killed,144978,bombsite_b,The MongolZ,Natus Vincere,Natus Vincere,29650,21800,0,6,Full Buy,Full Buy,ct,the-mongolz-vs-natus-vincere-m2-ancient.dem
19,146902,150212,154113,154433,t,ct_killed,,not_planted,The MongolZ,Natus Vincere,Natus Vincere,24000,24400,1,3,Full Buy,Full Buy,ct,the-mongolz-vs-natus-vincere-m2-ancient.dem
20,154433,155713,164175,164495,t,ct_killed,162761,bombsite_b,The MongolZ,Natus Vincere,Natus Vincere,9700,26300,2,2,Semi-Eco,Full Buy,ct,the-mongolz-vs-natus-vincere-m2-ancient.dem
21,164495,165775,173304,173624,ct,bomb_defused,172364,bombsite_b,The MongolZ,Natus Vincere,The MongolZ,12350,27650,3,1,Semi-Buy,Full Buy,ct,the-mongolz-vs-natus-vincere-m2-ancient.dem
22,173624,176840,180588,180588,t,ct_killed,,not_planted,The MongolZ,Natus Vincere,Natus Vincere,28650,25200,1,2,Full Buy,Full Buy,t,the-mongolz-vs-natus-vincere-m2-ancient.dem
1,1,12361,14359,14679,ct,t_killed,,not_planted,Team Spirit,Virtus.pro,Team Spirit,5150,4700,0,0,Pistol,Pistol,t,virtus-pro-vs-spirit-m1-train.dem
2,14679,15959,20191,20511,ct,t_killed,,not_planted,Team Spirit,Virtus.pro,Team Spirit,17750,1900,0,2,Semi-Buy,Full Eco,ct,virtus-pro-vs-spirit-m1-train.dem
3,20511,21791,29323,29643,t,ct_killed,27331,bombsite_b,Team Spirit,Virtus.pro,Virtus.pro,24100,22400,0,3,Full Buy,Full Buy,t,virtus-pro-vs-spirit-m1-train.dem
4,29643,30923,38283,38603,ct,time_ran_out,,not_planted,Team Spirit,Virtus.pro,Team Spirit,20300,23100,1,1,Full Buy,Full Buy,t,virtus-pro-vs-spirit-m1-train.dem
5,38603,39883,42639,42959,ct,t_killed,,not_planted,Team Spirit,Virtus.pro,Team Spirit,21000,6850,0,2,Full Buy,Semi-Eco,ct,virtus-pro-vs-spirit-m1-train.dem
6,42959,44239,47773,48093,ct,t_killed,,not_planted,Team Spirit,Virtus.pro,Team Spirit,24150,21500,0,3,Full Buy,Full Buy,t,virtus-pro-vs-spirit-m1-train.dem
7,48093,49373,53598,53918,ct,t_killed,,not_planted,Team Spirit,Virtus.pro,Team Spirit,27000,5500,0,4,Full Buy,Semi-Eco,t,virtus-pro-vs-spirit-m1-train.dem
8,53918,57552,64912,65232,ct,time_ran_out,,not_planted,Team Spirit,Virtus.pro,Team Spirit,29450,25600,0,5,Full Buy,Full Buy,ct,virtus-pro-vs-spirit-m1-train.dem
9,65232,66512,71834,72154,ct,t_killed,,not_planted,Team Spirit,Virtus.pro,Team Spirit,32600,17150,0,6,Full Buy,Semi-Buy,t,virtus-pro-vs-spirit-m1-train.dem
10,72154,75664,83500,83820,ct,bomb_defused,81183,bombsite_b,Team Spirit,Virtus.pro,Team Spirit,32100,13200,0,7,Full Buy,Semi-Buy,ct,virtus-pro-vs-spirit-m1-train.dem
11,83820,85100,90062,90382,ct,t_killed,,not_planted,Team Spirit,Virtus.pro,Team Spirit,32600,26400,0,8,Full Buy,Full Buy,t,virtus-pro-vs-spirit-m1-train.dem
12,90382,91662,97373,97917,t,ct_killed,,not_planted,Team Spirit,Virtus.pro,Virtus.pro,30950,21650,0,9,Full Buy,Full Buy,ct,virtus-pro-vs-spirit-m1-train.dem
13,97917,112715,118244,118564,t,ct_killed,117180,bombsite_b,Virtus.pro,Team Spirit,Team Spirit,4500,4450,1,1,Pistol,Pistol,t,virtus-pro-vs-spirit-m1-train.dem
14,118564,119844,126614,126934,t,ct_killed,124673,bombsite_b,Virtus.pro,Team Spirit,Team Spirit,11300,19450,2,0,Semi-Buy,Semi-Buy,t,virtus-pro-vs-spirit-m1-train.dem
15,126934,128214,134826,134826,t,ct_killed,134166,bombsite_b,Virtus.pro,Team Spirit,Team Spirit,11900,22650,3,0,Semi-Buy,Full Buy,ct,virtus-pro-vs-spirit-m1-train.dem
1,1,1263,7339,7659,t,bomb_exploded,4715,bombsite_b,Virtus.pro,Team Spirit,Team Spirit,4150,4650,0,0,Pistol,Pistol,t,virtus-pro-vs-spirit-m2-ancient.dem
2,7659,8939,11955,12275,t,ct_killed,,not_planted,Virtus.pro,Team Spirit,Team Spirit,1500,18150,2,0,Full Eco,Semi-Buy,ct,virtus-pro-vs-spirit-m2-ancient.dem
3,12275,13555,20205,20525,ct,bomb_defused,18010,bombsite_b,Virtus.pro,Team Spirit,Virtus.pro,23400,21600,3,0,Full Buy,Full Buy,t,virtus-pro-vs-spirit-m2-ancient.dem
4,20525,21805,29165,29485,ct,time_ran_out,,not_planted,Virtus.pro,Team Spirit,Virtus.pro,25300,21550,1,1,Full Buy,Full Buy,t,virtus-pro-vs-spirit-m2-ancient.dem
5,29485,30765,34992,35312,ct,t_killed,,not_planted,Virtus.pro,Team Spirit,Virtus.pro,28400,17300,0,2,Full Buy,Semi-Buy,ct,virtus-pro-vs-spirit-m2-ancient.dem
6,35312,36592,40836,41156,ct,t_killed,,not_planted,Virtus.pro,Team Spirit,Virtus.pro,24200,1800,0,3,Full Buy,Full Eco,t,virtus-pro-vs-spirit-m2-ancient.dem
7,41156,44356,48733,49053,t,ct_killed,,not_planted,Virtus.pro,Team Spirit,Team Spirit,27650,24600,0,4,Full Buy,Full Buy,t,virtus-pro-vs-spirit-m2-ancient.dem
8,49053,50333,55034,55354,t,bomb_exploded,52410,bombsite_b,Virtus.pro,Team Spirit,Team Spirit,27100,25700,1,2,Full Buy,Full Buy,ct,virtus-pro-vs-spirit-m2-ancient.dem
9,55354,56634,62516,62836,t,bomb_exploded,59892,bombsite_b,Virtus.pro,Team Spirit,Team Spirit,7750,25800,2,1,Semi-Eco,Full Buy,t,virtus-pro-vs-spirit-m2-ancient.dem
10,62836,64116,68966,69286,ct,t_killed,,not_planted,Virtus.pro,Team Spirit,Virtus.pro,25500,25300,3,0,Full Buy,Full Buy,ct,virtus-pro-vs-spirit-m2-ancient.dem
11,69286,72707,80274,80594,t,ct_killed,79166,bombsite_b,Virtus.pro,Team Spirit,Team Spirit,25950,27450,1,1,Full Buy,Full Buy,t,virtus-pro-vs-spirit-m2-ancient.dem
12,80594,81874,86571,87115,t,ct_killed,86339,bombsite_b,Virtus.pro,Team Spirit,Team Spirit,17600,27650,2,0,Semi-Buy,Full Buy,ct,virtus-pro-vs-spirit-m2-ancient.dem
13,87115,101766,107060,107380,ct,t_killed,,not_planted,Team Spirit,Virtus.pro,Team Spirit,4450,4850,1,1,Pistol,Pistol,t,virtus-pro-vs-spirit-m2-ancient.dem
14,107380,108660,111402,111722,ct,t_killed,,not_planted,Team Spirit,Virtus.pro,Team Spirit,19300,1600,0,2,Semi-Buy,Full Eco,t,virtus-pro-vs-spirit-m2-ancient.dem
15,111722,113002,119673,119993,t,ct_killed,118151,bombsite_b,Team Spirit,Virtus.pro,Virtus.pro,23000,21850,0,3,Full Buy,Full Buy,ct,virtus-pro-vs-spirit-m2-ancient.dem
16,119993,121273,128605,128925,t,bomb_exploded,125981,bombsite_b,Team Spirit,Virtus.pro,Virtus.pro,21650,20850,1,1,Full Buy,Full Buy,ct,virtus-pro-vs-spirit-m2-ancient.dem
17,128925,130205,131488,131808,ct,t_killed,,not_planted,Team Spirit,Virtus.pro,Team Spirit,13900,20400,2,0,Semi-Buy,Full Buy,t,virtus-pro-vs-spirit-m2-ancient.dem
18,131808,133088,140088,140408,ct,bomb_defused,139281,bombsite_b,Team Spirit,Virtus.pro,Team Spirit,25600,6600,0,1,Full Buy,Semi-Eco,ct,virtus-pro-vs-spirit-m2-ancient.dem
19,140408,141688,147682,148002,t,ct_killed,145190,bombsite_b,Team Spirit,Virtus.pro,Virtus.pro,29550,23350,0,2,Full Buy,Full Buy,ct,virtus-pro-vs-spirit-m2-ancient.dem
20,148002,151671,159031,159351,ct,time_ran_out,,not_planted,Team Spirit,Virtus.pro,Team Spirit,18350,26900,1,0,Semi-Buy,Full Buy,ct,virtus-pro-vs-spirit-m2-ancient.dem
21,159351,160631,167011,167331,t,bomb_exploded,164387,bombsite_b,Team Spirit,Virtus.pro,Virtus.pro,27750,22800,0,1,Full Buy,Full Buy,ct,virtus-pro-vs-spirit-m2-ancient.dem
22,167331,170963,173925,173925,ct,t_killed,,not_planted,Team Spirit,Virtus.pro,Team Spirit,18350,19600,1,0,Semi-Buy,Semi-Buy,t,virtus-pro-vs-spirit-m2-ancient.dem
1,1,1266,4435,4755,t,ct_killed,3402,bombsite_b,Virtus.pro,Team Vitality,Team Vitality,4000,4750,0,0,Pistol,Pistol,t,virtus-pro-vs-vitality-m1-anubis.dem
2,4755,13189,18676,18996,t,ct_killed,18453,bombsite_b,Virtus.pro,Team Vitality,Team Vitality,1300,20150,2,0,Full Eco,Full Buy,ct,virtus-pro-vs-vitality-m1-anubis.dem
3,18996,20276,25665,25985,t,bomb_exploded,23041,bombsite_b,Virtus.pro,Team Vitality,Team Vitality,23200,20550,3,0,Full Buy,Full Buy,t,virtus-pro-vs-vitality-m1-anubis.dem
4,25985,27265,33157,33477,t,ct_killed,31241,bombsite_b,Virtus.pro,Team Vitality,Team Vitality,19250,24800,4,0,Semi-Buy,Full Buy,t,virtus-pro-vs-vitality-m1-anubis.dem
5,33477,34757,42810,43130,t,bomb_exploded,40186,bombsite_b,Virtus.pro,Team Vitality,Team Vitality,27950,25600,5,0,Full Buy,Full Buy,ct,virtus-pro-vs-vitality-m1-anubis.dem
6,43130,47088,54251,54571,t,bomb_exploded,51627,bombsite_b,Virtus.pro,Team Vitality,Team Vitality,18650,25100,6,0,Semi-Buy,Full Buy,t,virtus-pro-vs-vitality-m1-anubis.dem
7,54571,55851,63211,63531,ct,time_ran_out,,not_planted,Virtus.pro,Team Vitality,Virtus.pro,29650,27250,7,0,Full Buy,Full Buy,t,virtus-pro-vs-vitality-m1-anubis.dem
8,63531,64811,73305,73625,t,ct_killed,71636,bombsite_b,Virtus.pro,Team Vitality,Team Vitality,28650,26850,3,1,Full Buy,Full Buy,ct,virtus-pro-vs-vitality-m1-anubis.dem
9,73625,74905,80891,81211,t,ct_killed,,not_planted,Virtus.pro,Team Vitality,Team Vitality,12150,27350,4,0,Semi-Buy,Full Buy,t,virtus-pro-vs-vitality-m1-anubis.dem
10,81211,84908,93289,93609,t,bomb_exploded,90665,bombsite_b,Virtus.pro,Team Vitality,Team Vitality,26700,28150,5,0,Full Buy,Full Buy,ct,virtus-pro-vs-vitality-m1-anubis.dem
11,93609,94889,102182,102502,t,bomb_exploded,99558,bombsite_b,Virtus.pro,Team Vitality,Team Vitality,21250,27850,6,0,Full Buy,Full Buy,t,virtus-pro-vs-vitality-m1-anubis.dem
12,102502,103782,108653,109197,ct,bomb_defused,107575,bombsite_b,Virtus.pro,Team Vitality,Virtus.pro,29400,28450,7,0,Full Buy,Full Buy,ct,virtus-pro-vs-vitality-m1-anubis.dem
13,109197,123169,130208,130528,t,ct_killed,129606,bombsite_b,Team Vitality,Virtus.pro,Virtus.pro,4200,4200,1,1,Pistol,Pistol,t,virtus-pro-vs-vitality-m1-anubis.dem
14,130528,131808,141066,141386,t,bomb_exploded,138442,bombsite_b,Team Vitality,Virtus.pro,Virtus.pro,11000,20150,2,0,Semi-Buy,Full Buy,t,virtus-pro-vs-vitality-m1-anubis.dem
15,141386,142666,148487,148807,t,bomb_exploded,145863,bombsite_b,Team Vitality,Virtus.pro,Virtus.pro,8950,22750,3,0,Semi-Eco,Full Buy,ct,virtus-pro-vs-vitality-m1-anubis.dem
16,148807,150087,158751,159071,t,bomb_exploded,156127,bombsite_b,Team Vitality,Virtus.pro,Virtus.pro,27450,26300,4,0,Full Buy,Full Buy,ct,virtus-pro-vs-vitality-m1-anubis.dem
17,159071,162592,166072,166392,ct,t_killed,,not_planted,Team Vitality,Virtus.pro,Team Vitality,27850,27250,5,0,Full Buy,Full Buy,t,virtus-pro-vs-vitality-m1-anubis.dem
18,166392,167672,176195,176515,t,bomb_exploded,173571,bombsite_b,Team Vitality,Virtus.pro,Virtus.pro,29400,23200,3,1,Full Buy,Full Buy,ct,virtus-pro-vs-vitality-m1-anubis.dem
19,176515,177795,183615,183935,t,ct_killed,181104,bombsite_b,Team Vitality,Virtus.pro,Virtus.pro,27650,27000,4,0,Full Buy,Full Buy,ct,virtus-pro-vs-vitality-m1-anubis.dem
20,183935,185215,192526,192846,ct,t_killed,,not_planted,Team Vitality,Virtus.pro,Team Vitality,13550,27650,5,0,Semi-Buy,Full Buy,ct,virtus-pro-vs-vitality-m1-anubis.dem
21,192846,198982,206201,206201,ct,bomb_defused,204147,bombsite_b,Team Vitality,Virtus.pro,Team Vitality,27850,24850,3,1,Full Buy,Full Buy,ct,virtus-pro-vs-vitality-m1-anubis.dem
1,1,1263,5029,5349,t,ct_killed,3917,bombsite_b,Virtus.pro,Team Vitality,Team Vitality,4250,4750,0,0,Pistol,Pistol,t,virtus-pro-vs-vitality-m2-inferno.dem
2,5349,6629,13434,13754,t,bomb_exploded,10810,bombsite_b,Virtus.pro,Team Vitality,Team Vitality,11250,18400,2,0,Semi-Buy,Semi-Buy,ct,virtus-pro-vs-vitality-m2-inferno.dem
3,13754,15034,23238,23558,t,bomb_exploded,20614,bombsite_b,Virtus.pro,Team Vitality,Team Vitality,12150,20300,3,0,Semi-Buy,Full Buy,t,virtus-pro-vs-vitality-m2-inferno.dem
4,23558,24838,33165,33485,t,bomb_exploded,30541,bombsite_b,Virtus.pro,Team Vitality,Team Vitality,26700,25400,4,0,Full Buy,Full Buy,t,virtus-pro-vs-vitality-m2-inferno.dem
5,33485,34765,43547,43867,t,ct_killed,41957,bombsite_b,Virtus.pro,Team Vitality,Team Vitality,25350,25500,5,0,Full Buy,Full Buy,ct,virtus-pro-vs-vitality-m2-inferno.dem
6,43867,47727,54072,54392,t,bomb_exploded,51448,bombsite_b,Virtus.pro,Team Vitality,Team Vitality,10350,24150,6,0,Semi-Buy,Full Buy,t,virtus-pro-vs-vitality-m2-inferno.dem
7,54392,55672,63651,63971,t,ct_killed,62020,bombsite_b,Virtus.pro,Team Vitality,Team Vitality,25500,26000,7,0,Full Buy,Full Buy,t,virtus-pro-vs-vitality-m2-inferno.dem
8,63971,65251,72562,72882,t,ct_killed,70637,bombsite_b,Virtus.pro,Team Vitality,Team Vitality,24700,27450,8,0,Full Buy,Full Buy,ct,virtus-pro-vs-vitality-m2-inferno.dem
9,72882,74162,80754,81074,t,ct_killed,79599,bombsite_b,Virtus.pro,Team Vitality,Team Vitality,13500,28050,9,0,Semi-Buy,Full Buy,t,virtus-pro-vs-vitality-m2-inferno.dem
10,81074,82354,87955,88275,t,bomb_exploded,85331,bombsite_b,Virtus.pro,Team Vitality,Team Vitality,26550,27450,10,0,Full Buy,Full Buy,ct,virtus-pro-vs-vitality-m2-inferno.dem
11,88275,91609,98670,98990,ct,bomb_defused,97861,bombsite_b,Virtus.pro,Team Vitality,Virtus.pro,24100,28050,11,0,Full Buy,Full Buy,t,virtus-pro-vs-vitality-m2-inferno.dem
12,98990,100270,105362,105906,ct,t_killed,,not_planted,Virtus.pro,Team Vitality,Virtus.pro,29850,25750,3,1,Full Buy,Full Buy,ct,virtus-pro-vs-vitality-m2-inferno.dem
13,105906,120065,124589,124909,t,ct_killed,123526,bombsite_b,Team Vitality,Virtus.pro,Virtus.pro,4000,4200,1,1,Pistol,Pistol,t,virtus-pro-vs-vitality-m2-inferno.dem
14,124909,126189,133684,134004,t,bomb_exploded,131060,bombsite_b,Team Vitality,Virtus.pro,Virtus.pro,10300,19000,2,0,Semi-Buy,Semi-Buy,t,virtus-pro-vs-vitality-m2-inferno.dem
15,134004,135284,144245,144565,ct,bomb_defused,142182,bombsite_b,Team Vitality,Virtus.pro,Team Vitality,10950,21850,3,0,Semi-Buy,Full Buy,ct,virtus-pro-vs-vitality-m2-inferno.dem
16,144565,147977,157293,157613,t,bomb_exploded,154669,bombsite_b,Team Vitality,Virtus.pro,Virtus.pro,26500,19700,1,1,Full Buy,Semi-Buy,ct,virtus-pro-vs-vitality-m2-inferno.dem
17,157613,158893,166253,166573,ct,time_ran_out,,not_planted,Team Vitality,Virtus.pro,Team Vitality,25000,22900,2,0,Full Buy,Full Buy,t,virtus-pro-vs-vitality-m2-inferno.dem
18,166573,170077,173619,173619,ct,t_killed,,not_planted,Team Vitality,Virtus.pro,Team Vitality,28700,11700,0,1,Full Buy,Semi-Buy,ct,virtus-pro-vs-vitality-m2-inferno.dem
1,1,1263,7096,7416,t,bomb_exploded,4472,bombsite_b,Team Vitality,3DMAX,3DMAX,4000,4750,0,0,Pistol,Pistol,t,vitality-vs-3dmax-m1-inferno.dem
2,7416,8696,16847,17167,t,ct_killed,15580,bombsite_b,Team Vitality,3DMAX,3DMAX,12350,20800,2,0,Semi-Buy,Full Buy,ct,vitality-vs-3dmax-m1-inferno.dem
3,17167,18447,25397,25717,t,ct_killed,24378,bombsite_b,Team Vitality,3DMAX,3DMAX,3450,23750,3,0,Full Eco,Full Buy,t,vitality-vs-3dmax-m1-inferno.dem
4,25717,26997,34357,34677,ct,time_ran_out,,not_planted,Team Vitality,3DMAX,Team Vitality,25150,26200,4,0,Full Buy,Full Buy,t,vitality-vs-3dmax-m1-inferno.dem
5,34677,35957,41704,42024,ct,bomb_defused,40991,bombsite_b,Team Vitality,3DMAX,Team Vitality,27950,24200,2,1,Full Buy,Full Buy,ct,vitality-vs-3dmax-m1-inferno.dem
6,42024,43304,51895,52215,ct,bomb_defused,50435,bombsite_b,Team Vitality,3DMAX,Team Vitality,29750,4450,1,2,Full Buy,Full Eco,t,vitality-vs-3dmax-m1-inferno.dem
7,52215,55739,63618,63938,ct,bomb_defused,61893,bombsite_b,Team Vitality,3DMAX,Team Vitality,29650,25400,0,3,Full Buy,Full Buy,t,vitality-vs-3dmax-m1-inferno.dem
8,63938,65218,69640,69960,t,bomb_exploded,67016,bombsite_b,Team Vitality,3DMAX,3DMAX,26350,13350,0,4,Full Buy,Semi-Buy,ct,vitality-vs-3dmax-m1-inferno.dem
9,69960,73685,79444,79764,t,bomb_exploded,76820,bombsite_b,Team Vitality,3DMAX,3DMAX,27850,26900,1,2,Full Buy,Full Buy,t,vitality-vs-3dmax-m1-inferno.dem
10,79764,81044,86650,86970,t,ct_killed,,not_planted,Team Vitality,3DMAX,3DMAX,9350,26300,2,1,Semi-Eco,Full Buy,ct,vitality-vs-3dmax-m1-inferno.dem
11,86970,88250,91385,91705,ct,t_killed,,not_planted,Team Vitality,3DMAX,Team Vitality,22900,27850,3,0,Full Buy,Full Buy,t,vitality-vs-3dmax-m1-inferno.dem
12,91705,92985,96501,97045,t,ct_killed,,not_planted,Team Vitality,3DMAX,3DMAX,25750,26000,1,1,Full Buy,Full Buy,ct,vitality-vs-3dmax-m1-inferno.dem
13,97045,111595,116744,117064,t,ct_killed,114999,bombsite_b,3DMAX,Team Vitality,Team Vitality,4850,4750,1,1,Pistol,Pistol,t,vitality-vs-3dmax-m1-inferno.dem
14,117064,118344,122645,122965,t,ct_killed,,not_planted,3DMAX,Team Vitality,Team Vitality,1200,19650,2,0,Full Eco,Semi-Buy,t,vitality-vs-3dmax-m1-inferno.dem
15,122965,124245,128858,129178,ct,t_killed,,not_planted,3DMAX,Team Vitality,3DMAX,23100,20550,3,0,Full Buy,Full Buy,ct,vitality-vs-3dmax-m1-inferno.dem
16,129178,130458,134150,134470,ct,t_killed,,not_planted,3DMAX,Team Vitality,3DMAX,25950,22400,1,1,Full Buy,Full Buy,ct,vitality-vs-3dmax-m1-inferno.dem
17,134470,135750,141339,141659,ct,bomb_defused,138955,bombsite_b,3DMAX,Team Vitality,3DMAX,29350,2200,0,2,Full Buy,Full Eco,t,vitality-vs-3dmax-m1-inferno.dem
18,141659,147410,154770,155090,ct,time_ran_out,,not_planted,3DMAX,Team Vitality,3DMAX,29600,25200,0,3,Full Buy,Full Buy,ct,vitality-vs-3dmax-m1-inferno.dem
19,155090,156370,164141,164461,t,bomb_exploded,161517,bombsite_b,3DMAX,Team Vitality,Team Vitality,26500,10200,0,4,Full Buy,Semi-Buy,ct,vitality-vs-3dmax-m1-inferno.dem
20,164461,165741,169583,169903,t,ct_killed,,not_planted,3DMAX,Team Vitality,Team Vitality,9050,26300,1,2,Semi-Eco,Full Buy,ct,vitality-vs-3dmax-m1-inferno.dem
21,169903,173757,179116,179436,t,bomb_exploded,176492,bombsite_b,3DMAX,Team Vitality,Team Vitality,1200,26000,2,1,Full Eco,Full Buy,ct,vitality-vs-3dmax-m1-inferno.dem
22,179436,180716,189054,189374,t,bomb_exploded,186430,bombsite_b,3DMAX,Team Vitality,Team Vitality,25350,25500,3,0,Full Buy,Full Buy,t,vitality-vs-3dmax-m1-inferno.dem
23,189374,193143,198230,198550,ct,t_killed,,not_planted,3DMAX,Team Vitality,3DMAX,26950,25500,4,0,Full Buy,Full Buy,t,vitality-vs-3dmax-m1-inferno.dem
24,198550,202083,208642,209186,t,ct_killed,207137,bombsite_b,3DMAX,Team Vitality,Team Vitality,30500,23900,2,1,Full Buy,Full Buy,t,vitality-vs-3dmax-m1-inferno.dem
25,209186,210466,215921,216241,ct,t_killed,,not_planted,3DMAX,Team Vitality,3DMAX,28500,27550,1,1,Full Buy,Full Buy,t,vitality-vs-3dmax-m1-inferno.dem
26,216241,217521,220398,220718,ct,t_killed,,not_planted,3DMAX,Team Vitality,3DMAX,30750,25500,0,2,Full Buy,Full Buy,ct,vitality-vs-3dmax-m1-inferno.dem
27,220718,224085,231868,232412,t,ct_killed,230284,bombsite_b,3DMAX,Team Vitality,Team Vitality,31850,25800,0,3,Full Buy,Full Buy,t,vitality-vs-3dmax-m1-inferno.dem
28,232412,233692,242024,242344,ct,bomb_defused,241043,bombsite_b,Team Vitality,3DMAX,Team Vitality,28400,25400,1,1,Full Buy,Full Buy,t,vitality-vs-3dmax-m1-inferno.dem
29,242344,245775,251377,251697,ct,bomb_defused,249626,bombsite_b,Team Vitality,3DMAX,Team Vitality,29550,25600,0,2,Full Buy,Full Buy,ct,vitality-vs-3dmax-m1-inferno.dem
30,251697,252977,255426,255970,t,ct_killed,,not_planted,Team Vitality,3DMAX,3DMAX,31450,29250,0,3,Full Buy,Full Buy,ct,vitality-vs-3dmax-m1-inferno.dem
31,255970,259701,264646,264966,ct,t_killed,,not_planted,Team Vitality,3DMAX,Team Vitality,28850,27650,1,1,Full Buy,Full Buy,ct,vitality-vs-3dmax-m1-inferno.dem
32,264966,266246,269741,270061,ct,t_killed,,not_planted,Team Vitality,3DMAX,Team Vitality,30450,27750,0,2,Full Buy,Full Buy,t,vitality-vs-3dmax-m1-inferno.dem
33,270061,271341,276821,277365,ct,t_killed,,not_planted,Team Vitality,3DMAX,Team Vitality,31450,26100,0,3,Full Buy,Full Buy,ct,vitality-vs-3dmax-m1-inferno.dem
34,277365,281309,285108,285428,ct,t_killed,,not_planted,3DMAX,Team Vitality,3DMAX,31150,27850,1,1,Full Buy,Full Buy,ct,vitality-vs-3dmax-m1-inferno.dem
35,285428,286708,292919,292919,t,ct_killed,,not_planted,3DMAX,Team Vitality,Team Vitality,31350,25500,0,2,Full Buy,Full Buy,ct,vitality-vs-3dmax-m1-inferno.dem
1,1,1266,5215,5535,t,ct_killed,4514,bombsite_b,3DMAX,Team Vitality,Team Vitality,4300,4200,0,0,Pistol,Pistol,t,vitality-vs-3dmax-m2-nuke-p1.dem
2,5535,6815,10009,10329,t,ct_killed,,not_planted,3DMAX,Team Vitality,Team Vitality,1100,18300,2,0,Full Eco,Semi-Buy,ct,vitality-vs-3dmax-m2-nuke-p1.dem
3,10329,11609,15484,15804,ct,t_killed,,not_planted,3DMAX,Team Vitality,3DMAX,23150,22050,3,0,Full Buy,Full Buy,t,vitality-vs-3dmax-m2-nuke-p1.dem
4,15804,19278,25366,25686,ct,t_killed,,not_planted,3DMAX,Team Vitality,3DMAX,24550,18500,1,1,Full Buy,Semi-Buy,t,vitality-vs-3dmax-m2-nuke-p1.dem
5,25686,26966,29834,30154,ct,t_killed,,not_planted,3DMAX,Team Vitality,3DMAX,24050,2000,0,2,Full Buy,Full Eco,ct,vitality-vs-3dmax-m2-nuke-p1.dem
6,30154,31434,34344,34664,ct,t_killed,,not_planted,3DMAX,Team Vitality,3DMAX,26650,22400,0,3,Full Buy,Full Buy,t,vitality-vs-3dmax-m2-nuke-p1.dem
7,34664,35944,38848,39168,ct,t_killed,,not_planted,3DMAX,Team Vitality,3DMAX,30250,6250,0,4,Full Buy,Semi-Eco,t,vitality-vs-3dmax-m2-nuke-p1.dem
8,39168,42434,50950,51270,t,bomb_exploded,48326,bombsite_b,3DMAX,Team Vitality,Team Vitality,30550,24700,0,5,Full Buy,Full Buy,ct,vitality-vs-3dmax-m2-nuke-p1.dem
9,51270,52550,59204,59524,t,ct_killed,57887,bombsite_b,3DMAX,Team Vitality,Team Vitality,29350,27550,1,3,Full Buy,Full Buy,t,vitality-vs-3dmax-m2-nuke-p1.dem
1,8,4276,6881,7201,ct,t_killed,,,3DMAX,Team Vitality,3DMAX,18800,27450,0,0,Pistol,Pistol,t,vitality-vs-3dmax-m2-nuke-p2.dem
2,7201,8481,15841,16161,ct,time_ran_out,,,3DMAX,Team Vitality,3DMAX,29300,25300,0,3,Full Buy,Full Buy,ct,vitality-vs-3dmax-m2-nuke-p2.dem
3,16161,17441,22161,22705,t,ct_killed,,,3DMAX,Team Vitality,Team Vitality,23750,26150,0,4,Full Buy,Full Buy,t,vitality-vs-3dmax-m2-nuke-p2.dem
1,7,4418,8106,8426,ct,bomb_defused,5901,bombsite_b,Team Vitality,3DMAX,Team Vitality,4700,4300,0,0,Pistol,Pistol,t,vitality-vs-3dmax-m2-nuke-p3.dem
2,8426,9706,13304,13624,ct,t_killed,,not_planted,Team Vitality,3DMAX,Team Vitality,22450,15300,0,2,Full Buy,Semi-Buy,ct,vitality-vs-3dmax-m2-nuke-p3.dem
3,13624,14904,19363,19683,ct,t_killed,,not_planted,Team Vitality,3DMAX,Team Vitality,22350,2700,0,3,Full Buy,Full Eco,t,vitality-vs-3dmax-m2-nuke-p3.dem
4,19683,20963,24620,24940,ct,t_killed,,not_planted,Team Vitality,3DMAX,Team Vitality,23650,24900,0,4,Full Buy,Full Buy,t,vitality-vs-3dmax-m2-nuke-p3.dem
5,24940,26220,27517,27837,ct,t_killed,,not_planted,Team Vitality,3DMAX,Team Vitality,28200,9050,0,5,Full Buy,Semi-Eco,ct,vitality-vs-3dmax-m2-nuke-p3.dem
6,27837,31668,37428,37748,t,ct_killed,36342,bombsite_b,Team Vitality,3DMAX,3DMAX,28200,24900,0,6,Full Buy,Full Buy,t,vitality-vs-3dmax-m2-nuke-p3.dem
7,37748,39028,46762,47082,t,bomb_exploded,44138,bombsite_b,Team Vitality,3DMAX,3DMAX,28850,23700,1,3,Full Buy,Full Buy,t,vitality-vs-3dmax-m2-nuke-p3.dem
8,47082,50808,57697,58017,ct,t_killed,,not_planted,Team Vitality,3DMAX,Team Vitality,29250,25300,2,2,Full Buy,Full Buy,ct,vitality-vs-3dmax-m2-nuke-p3.dem
9,58017,59297,61406,61726,ct,t_killed,,not_planted,Team Vitality,3DMAX,Team Vitality,30750,19100,0,3,Full Buy,Semi-Buy,t,vitality-vs-3dmax-m2-nuke-p3.dem
10,61726,63006,67653,67653,ct,t_killed,,not_planted,Team Vitality,3DMAX,Team Vitality,29550,16250,0,4,Full Buy,Semi-Buy,ct,vitality-vs-3dmax-m2-nuke-p3.dem
1,1,1264,3981,4301,t,ct_killed,2745,bombsite_b,FaZe Clan,Team Vitality,Team Vitality,4200,4600,0,0,Pistol,Pistol,t,vitality-vs-faze-m1-nuke.dem
2,4301,5581,12151,12471,t,ct_killed,9961,bombsite_b,FaZe Clan,Team Vitality,Team Vitality,10350,20050,2,0,Semi-Buy,Full Buy,ct,vitality-vs-faze-m1-nuke.dem
3,12471,13751,21647,21967,t,bomb_exploded,19023,bombsite_b,FaZe Clan,Team Vitality,Team Vitality,2500,20950,3,0,Full Eco,Full Buy,t,vitality-vs-faze-m1-nuke.dem
4,21967,23247,29420,29740,ct,t_killed,,not_planted,FaZe Clan,Team Vitality,FaZe Clan,26950,24400,4,0,Full Buy,Full Buy,t,vitality-vs-faze-m1-nuke.dem
5,29740,31020,34755,35075,t,ct_killed,32506,bombsite_b,FaZe Clan,Team Vitality,Team Vitality,29000,17650,2,1,Full Buy,Semi-Buy,ct,vitality-vs-faze-m1-nuke.dem
6,35075,38826,43084,43404,ct,t_killed,,not_planted,FaZe Clan,Team Vitality,FaZe Clan,20750,25600,3,0,Full Buy,Full Buy,t,vitality-vs-faze-m1-nuke.dem
7,43404,44684,51252,51572,t,bomb_exploded,48628,bombsite_b,FaZe Clan,Team Vitality,Team Vitality,26450,19350,1,1,Full Buy,Semi-Buy,t,vitality-vs-faze-m1-nuke.dem
8,51572,52852,56114,56434,t,ct_killed,54434,bombsite_b,FaZe Clan,Team Vitality,Team Vitality,11800,21750,2,0,Semi-Buy,Full Buy,ct,vitality-vs-faze-m1-nuke.dem
9,56434,57714,65731,66051,t,bomb_exploded,63107,bombsite_b,FaZe Clan,Team Vitality,Team Vitality,26450,24500,3,0,Full Buy,Full Buy,t,vitality-vs-faze-m1-nuke.dem
10,66051,69460,76820,77140,ct,time_ran_out,,not_planted,FaZe Clan,Team Vitality,FaZe Clan,11200,26200,4,0,Semi-Buy,Full Buy,ct,vitality-vs-faze-m1-nuke.dem
11,77140,78420,83464,83784,t,ct_killed,82632,bombsite_b,FaZe Clan,Team Vitality,Team Vitality,30150,23800,2,1,Full Buy,Full Buy,t,vitality-vs-faze-m1-nuke.dem
12,83784,85064,89564,90108,t,ct_killed,88228,bombsite_b,FaZe Clan,Team Vitality,Team Vitality,22550,25900,3,0,Full Buy,Full Buy,ct,vitality-vs-faze-m1-nuke.dem
13,90108,104358,107838,108158,ct,bomb_defused,106215,bombsite_b,Team Vitality,FaZe Clan,Team Vitality,4250,4600,1,1,Pistol,Pistol,t,vitality-vs-faze-m1-nuke.dem
14,108158,109438,115882,116202,ct,t_killed,,not_planted,Team Vitality,FaZe Clan,Team Vitality,21200,14000,0,2,Full Buy,Semi-Buy,t,vitality-vs-faze-m1-nuke.dem
15,116202,117482,119630,119950,ct,t_killed,,not_planted,Team Vitality,FaZe Clan,Team Vitality,26550,4550,0,3,Full Buy,Full Eco,ct,vitality-vs-faze-m1-nuke.dem
16,119950,121230,125707,125707,ct,t_killed,,not_planted,Team Vitality,FaZe Clan,Team Vitality,27950,24450,0,4,Full Buy,Full Buy,ct,vitality-vs-faze-m1-nuke.dem
1,1,1265,4754,5074,t,ct_killed,3963,bombsite_b,FaZe Clan,Team Vitality,Team Vitality,3600,4250,0,0,Pistol,Pistol,t,vitality-vs-faze-m2-anubis.dem
2,5074,6354,11573,11893,t,ct_killed,,not_planted,FaZe Clan,Team Vitality,Team Vitality,10700,20300,2,0,Semi-Buy,Full Buy,ct,vitality-vs-faze-m2-anubis.dem
3,11893,13173,16205,16525,t,ct_killed,,not_planted,FaZe Clan,Team Vitality,Team Vitality,1700,22000,3,0,Full Eco,Full Buy,t,vitality-vs-faze-m2-anubis.dem
4,16525,17805,24573,24893,t,bomb_exploded,21949,bombsite_b,FaZe Clan,Team Vitality,Team Vitality,26900,23250,4,0,Full Buy,Full Buy,t,vitality-vs-faze-m2-anubis.dem
5,24893,26173,31803,32123,t,ct_killed,29856,bombsite_b,FaZe Clan,Team Vitality,Team Vitality,26850,25400,5,0,Full Buy,Full Buy,ct,vitality-vs-faze-m2-anubis.dem
6,32123,33403,37386,37706,t,ct_killed,,not_planted,FaZe Clan,Team Vitality,Team Vitality,13600,25500,6,0,Semi-Buy,Full Buy,t,vitality-vs-faze-m2-anubis.dem
7,37706,38986,44665,44985,ct,t_killed,,not_planted,FaZe Clan,Team Vitality,FaZe Clan,26050,25400,7,0,Full Buy,Full Buy,t,vitality-vs-faze-m2-anubis.dem
8,44985,46265,53276,53596,ct,t_killed,,not_planted,FaZe Clan,Team Vitality,FaZe Clan,25800,27450,3,1,Full Buy,Full Buy,ct,vitality-vs-faze-m2-anubis.dem
9,53596,57128,60091,60411,ct,t_killed,,not_planted,FaZe Clan,Team Vitality,FaZe Clan,27950,23100,2,2,Full Buy,Full Buy,t,vitality-vs-faze-m2-anubis.dem
10,60411,61691,67201,67521,ct,t_killed,,not_planted,FaZe Clan,Team Vitality,FaZe Clan,30350,8950,1,3,Full Buy,Semi-Eco,ct,vitality-vs-faze-m2-anubis.dem
11,67521,68801,77310,77630,t,bomb_exploded,74686,bombsite_b,FaZe Clan,Team Vitality,Team Vitality,30350,24000,0,4,Full Buy,Full Buy,t,vitality-vs-faze-m2-anubis.dem
12,77630,81132,87181,87725,t,ct_killed,85685,bombsite_b,FaZe Clan,Team Vitality,Team Vitality,18950,19350,1,2,Semi-Buy,Semi-Buy,ct,vitality-vs-faze-m2-anubis.dem
13,87725,102094,107316,107636,ct,bomb_defused,105917,bombsite_b,Team Vitality,FaZe Clan,Team Vitality,4200,4350,1,1,Pistol,Pistol,t,vitality-vs-faze-m2-anubis.dem
14,107636,108916,115584,115904,t,bomb_exploded,112960,bombsite_b,Team Vitality,FaZe Clan,FaZe Clan,21300,14500,0,2,Full Buy,Semi-Buy,t,vitality-vs-faze-m2-anubis.dem
15,115904,117184,122417,122737,t,ct_killed,,not_planted,Team Vitality,FaZe Clan,FaZe Clan,12550,25700,1,0,Semi-Buy,Full Buy,ct,vitality-vs-faze-m2-anubis.dem
16,122737,124017,127178,127498,t,ct_killed,126019,bombsite_b,Team Vitality,FaZe Clan,FaZe Clan,1800,23250,2,0,Full Eco,Full Buy,ct,vitality-vs-faze-m2-anubis.dem
17,127498,128778,137870,138190,t,bomb_exploded,135246,bombsite_b,Team Vitality,FaZe Clan,FaZe Clan,22850,23650,3,0,Full Buy,Full Buy,t,vitality-vs-faze-m2-anubis.dem
18,138190,141692,148391,148711,ct,bomb_defused,146701,bombsite_b,Team Vitality,FaZe Clan,Team Vitality,9650,27550,4,0,Semi-Eco,Full Buy,ct,vitality-vs-faze-m2-anubis.dem
19,148711,152300,160887,161207,t,bomb_exploded,158263,bombsite_b,Team Vitality,FaZe Clan,FaZe Clan,29050,25100,2,1,Full Buy,Full Buy,ct,vitality-vs-faze-m2-anubis.dem
20,161207,162487,171465,171785,t,bomb_exploded,168841,bombsite_b,Team Vitality,FaZe Clan,FaZe Clan,29100,27350,3,0,Full Buy,Full Buy,ct,vitality-vs-faze-m2-anubis.dem
21,171785,175172,183515,183835,t,ct_killed,181122,bombsite_b,Team Vitality,FaZe Clan,FaZe Clan,28400,27450,4,0,Full Buy,Full Buy,ct,vitality-vs-faze-m2-anubis.dem
22,183835,185115,192686,193006,t,ct_killed,191361,bombsite_b,Team Vitality,FaZe Clan,FaZe Clan,19850,27650,5,0,Semi-Buy,Full Buy,t,vitality-vs-faze-m2-anubis.dem
23,193006,194286,200933,200933,t,ct_killed,199572,bombsite_b,Team Vitality,FaZe Clan,FaZe Clan,23050,27650,6,0,Full Buy,Full Buy,t,vitality-vs-faze-m2-anubis.dem
1,1,6016,12266,12586,ct,bomb_defused,10822,bombsite_b,Team Vitality,FaZe Clan,Team Vitality,4400,4150,0,0,Pistol,Pistol,t,vitality-vs-faze-m3-dust2.dem
2,12586,13866,17943,18263,ct,bomb_defused,16575,bombsite_b,Team Vitality,FaZe Clan,Team Vitality,22500,4100,0,2,Full Buy,Full Eco,ct,vitality-vs-faze-m3-dust2.dem
3,18263,19543,25633,25953,ct,bomb_defused,24463,bombsite_b,Team Vitality,FaZe Clan,Team Vitality,27100,24350,0,3,Full Buy,Full Buy,t,vitality-vs-faze-m3-dust2.dem
4,25953,27233,30591,30911,ct,t_killed,,not_planted,Team Vitality,FaZe Clan,Team Vitality,30150,12300,0,4,Full Buy,Semi-Buy,t,vitality-vs-faze-m3-dust2.dem
5,30911,32191,41357,41677,t,bomb_exploded,38733,bombsite_b,Team Vitality,FaZe Clan,FaZe Clan,30250,26100,0,5,Full Buy,Full Buy,ct,vitality-vs-faze-m3-dust2.dem
6,41677,42957,50826,51146,ct,bomb_defused,48826,bombsite_b,Team Vitality,FaZe Clan,Team Vitality,28450,20200,1,3,Full Buy,Full Buy,t,vitality-vs-faze-m3-dust2.dem
7,51146,54463,59920,60240,t,ct_killed,59729,bombsite_b,Team Vitality,FaZe Clan,FaZe Clan,31100,23150,0,4,Full Buy,Full Buy,t,vitality-vs-faze-m3-dust2.dem
8,60240,61520,63796,64116,t,ct_killed,63614,bombsite_b,Team Vitality,FaZe Clan,FaZe Clan,2100,23550,1,2,Full Eco,Full Buy,ct,vitality-vs-faze-m3-dust2.dem
9,64116,65396,69287,69607,ct,t_killed,,not_planted,Team Vitality,FaZe Clan,Team Vitality,22600,27650,2,1,Full Buy,Full Buy,t,vitality-vs-faze-m3-dust2.dem
10,69607,70887,77494,77814,t,ct_killed,76700,bombsite_b,Team Vitality,FaZe Clan,FaZe Clan,26250,23200,0,2,Full Buy,Full Buy,ct,vitality-vs-faze-m3-dust2.dem
11,77814,79094,82798,83118,t,ct_killed,82565,bombsite_b,Team Vitality,FaZe Clan,FaZe Clan,1800,25100,1,0,Full Eco,Full Buy,t,vitality-vs-faze-m3-dust2.dem
12,83118,86605,91153,91697,t,ct_killed,90922,bombsite_b,Team Vitality,FaZe Clan,FaZe Clan,22950,28350,2,0,Full Buy,Full Buy,ct,vitality-vs-faze-m3-dust2.dem
13,91697,106193,111118,111438,ct,t_killed,,not_planted,FaZe Clan,Team Vitality,FaZe Clan,4200,4550,1,1,Pistol,Pistol,t,vitality-vs-faze-m3-dust2.dem
14,111438,112718,115740,116060,ct,t_killed,,not_planted,FaZe Clan,Team Vitality,FaZe Clan,16300,1300,0,2,Semi-Buy,Full Eco,t,vitality-vs-faze-m3-dust2.dem
15,116060,117340,125998,126318,t,bomb_exploded,123374,bombsite_b,FaZe Clan,Team Vitality,Team Vitality,22750,23200,0,3,Full Buy,Full Buy,ct,vitality-vs-faze-m3-dust2.dem
16,126318,127598,133493,133813,ct,t_killed,,not_planted,FaZe Clan,Team Vitality,FaZe Clan,27800,19200,1,1,Full Buy,Semi-Buy,ct,vitality-vs-faze-m3-dust2.dem
17,133813,135093,138300,138620,ct,t_killed,,not_planted,FaZe Clan,Team Vitality,FaZe Clan,28400,10100,0,2,Full Buy,Semi-Buy,t,vitality-vs-faze-m3-dust2.dem
18,138620,139900,144439,144759,ct,t_killed,,not_planted,FaZe Clan,Team Vitality,FaZe Clan,29250,4150,0,3,Full Buy,Full Eco,ct,vitality-vs-faze-m3-dust2.dem
19,144759,148127,157475,157795,t,bomb_exploded,154851,bombsite_b,FaZe Clan,Team Vitality,Team Vitality,28450,24500,0,4,Full Buy,Full Buy,ct,vitality-vs-faze-m3-dust2.dem
20,157795,161621,168981,169301,ct,time_ran_out,,not_planted,FaZe Clan,Team Vitality,FaZe Clan,21650,27550,1,2,Full Buy,Full Buy,ct,vitality-vs-faze-m3-dust2.dem
21,169301,173129,178944,179264,t,ct_killed,,not_planted,FaZe Clan,Team Vitality,Team Vitality,19950,22050,0,3,Semi-Buy,Full Buy,ct,vitality-vs-faze-m3-dust2.dem
22,179264,180544,186656,186976,t,ct_killed,185064,bombsite_b,FaZe Clan,Team Vitality,Team Vitality,5200,23750,1,1,Semi-Eco,Full Buy,t,vitality-vs-faze-m3-dust2.dem
23,186976,188256,192458,192778,t,ct_killed,,not_planted,FaZe Clan,Team Vitality,Team Vitality,1400,26650,2,0,Full Eco,Full Buy,t,vitality-vs-faze-m3-dust2.dem
24,192778,194058,202647,203191,t,ct_killed,200688,bombsite_b,FaZe Clan,Team Vitality,Team Vitality,26200,27950,3,0,Full Buy,Full Buy,t,vitality-vs-faze-m3-dust2.dem
25,203191,204471,210097,210417,ct,t_killed,,not_planted,FaZe Clan,Team Vitality,FaZe Clan,29250,27650,1,1,Full Buy,Full Buy,t,vitality-vs-faze-m3-dust2.dem
26,210417,211697,220395,220715,t,ct_killed,217788,bombsite_b,FaZe Clan,Team Vitality,Team Vitality,29900,27150,0,2,Full Buy,Full Buy,ct,vitality-vs-faze-m3-dust2.dem
27,220715,224109,232170,232714,t,ct_killed,231109,bombsite_b,FaZe Clan,Team Vitality,Team Vitality,31750,27950,1,0,Full Buy,Full Buy,t,vitality-vs-faze-m3-dust2.dem
28,232714,233994,240630,240950,t,ct_killed,240060,bombsite_b,Team Vitality,FaZe Clan,FaZe Clan,30200,27350,1,1,Full Buy,Full Buy,t,vitality-vs-faze-m3-dust2.dem
29,240950,244297,251657,251977,t,ct_killed,249275,bombsite_b,Team Vitality,FaZe Clan,FaZe Clan,29500,30250,2,0,Full Buy,Full Buy,ct,vitality-vs-faze-m3-dust2.dem
30,251977,253257,259155,259699,ct,t_killed,,not_planted,Team Vitality,FaZe Clan,Team Vitality,26500,30750,3,0,Full Buy,Full Buy,ct,vitality-vs-faze-m3-dust2.dem
31,259699,260979,266202,266522,t,ct_killed,265977,bombsite_b,Team Vitality,FaZe Clan,FaZe Clan,28850,27550,1,1,Full Buy,Full Buy,ct,vitality-vs-faze-m3-dust2.dem
32,266522,267802,276044,276364,ct,bomb_defused,274368,bombsite_b,Team Vitality,FaZe Clan,Team Vitality,30450,27550,2,0,Full Buy,Full Buy,t,vitality-vs-faze-m3-dust2.dem
33,276364,277644,283944,284488,ct,t_killed,,not_planted,Team Vitality,FaZe Clan,Team Vitality,31050,30550,0,1,Full Buy,Full Buy,ct,vitality-vs-faze-m3-dust2.dem
34,284488,285768,292973,293293,t,ct_killed,292565,bombsite_b,FaZe Clan,Team Vitality,Team Vitality,29500,27150,1,1,Full Buy,Full Buy,ct,vitality-vs-faze-m3-dust2.dem
35,293293,296885,300944,300944,t,ct_killed,300866,bombsite_b,FaZe Clan,Team Vitality,Team Vitality,30300,28250,2,0,Full Buy,Full Buy,ct,vitality-vs-faze-m3-dust2.dem
1,1,1263,5886,6206,ct,t_killed,,not_planted,Team Vitality,Team Spirit,Team Vitality,4200,4350,0,0,Pistol,Pistol,t,vitality-vs-spirit-m1-dust2.dem
2,6206,7486,10615,10935,ct,t_killed,,not_planted,Team Vitality,Team Spirit,Team Vitality,21300,1200,0,2,Full Buy,Full Eco,ct,vitality-vs-spirit-m1-dust2.dem
3,10935,12215,20146,20466,t,ct_killed,19442,bombsite_b,Team Vitality,Team Spirit,Team Spirit,24800,22500,0,3,Full Buy,Full Buy,t,vitality-vs-spirit-m1-dust2.dem
4,20466,21746,28315,28635,ct,t_killed,,not_planted,Team Vitality,Team Spirit,Team Vitality,21250,21950,1,1,Full Buy,Full Buy,t,vitality-vs-spirit-m1-dust2.dem
5,28635,32012,38746,39066,ct,t_killed,,not_planted,Team Vitality,Team Spirit,Team Vitality,28250,10050,0,2,Full Buy,Semi-Buy,ct,vitality-vs-spirit-m1-dust2.dem
6,39066,40346,46121,46441,ct,bomb_defused,43759,bombsite_b,Team Vitality,Team Spirit,Team Vitality,28850,6850,0,3,Full Buy,Semi-Eco,t,vitality-vs-spirit-m1-dust2.dem
7,46441,47721,56009,56329,t,bomb_exploded,53385,bombsite_b,Team Vitality,Team Spirit,Team Spirit,28950,26850,0,4,Full Buy,Full Buy,t,vitality-vs-spirit-m1-dust2.dem
8,56329,64574,68908,69228,ct,t_killed,,not_planted,Team Vitality,Team Spirit,Team Vitality,29050,27250,1,2,Full Buy,Full Buy,ct,vitality-vs-spirit-m1-dust2.dem
9,69228,72498,81380,81700,t,bomb_exploded,78756,bombsite_b,Team Vitality,Team Spirit,Team Spirit,27950,27050,0,3,Full Buy,Full Buy,t,vitality-vs-spirit-m1-dust2.dem
10,81700,82980,87679,87999,ct,t_killed,,not_planted,Team Vitality,Team Spirit,Team Vitality,19200,26250,1,1,Semi-Buy,Full Buy,ct,vitality-vs-spirit-m1-dust2.dem
11,87999,89279,94533,94853,t,ct_killed,92855,bombsite_b,Team Vitality,Team Spirit,Team Spirit,24350,20750,0,2,Full Buy,Full Buy,t,vitality-vs-spirit-m1-dust2.dem
12,94853,96133,100390,100934,t,ct_killed,,not_planted,Team Vitality,Team Spirit,Team Spirit,9650,26100,1,0,Semi-Eco,Full Buy,ct,vitality-vs-spirit-m1-dust2.dem
13,100934,115808,121464,121784,t,ct_killed,119993,bombsite_b,Team Spirit,Team Vitality,Team Vitality,4600,4450,1,1,Pistol,Pistol,t,vitality-vs-spirit-m1-dust2.dem
14,121784,123064,130424,130744,ct,time_ran_out,,not_planted,Team Spirit,Team Vitality,Team Spirit,9800,19750,2,0,Semi-Eco,Semi-Buy,t,vitality-vs-spirit-m1-dust2.dem
15,130744,132024,138539,138859,t,ct_killed,,not_planted,Team Spirit,Team Vitality,Team Vitality,25150,9550,0,1,Full Buy,Semi-Eco,ct,vitality-vs-spirit-m1-dust2.dem
16,138859,142458,149248,149568,t,ct_killed,,not_planted,Team Spirit,Team Vitality,Team Vitality,1600,20150,1,0,Full Eco,Full Buy,ct,vitality-vs-spirit-m1-dust2.dem
17,149568,150848,157464,157784,t,ct_killed,156651,bombsite_b,Team Spirit,Team Vitality,Team Vitality,24450,21400,2,0,Full Buy,Full Buy,t,vitality-vs-spirit-m1-dust2.dem
18,157784,160988,168253,168573,t,ct_killed,166106,bombsite_b,Team Spirit,Team Vitality,Team Vitality,13150,23900,3,0,Semi-Buy,Full Buy,ct,vitality-vs-spirit-m1-dust2.dem
19,168573,169853,173560,173560,t,ct_killed,,not_planted,Team Spirit,Team Vitality,Team Vitality,18300,27150,4,0,Semi-Buy,Full Buy,ct,vitality-vs-spirit-m1-dust2.dem
1,1,1263,5547,5867,t,ct_killed,4240,bombsite_b,Team Spirit,Team Vitality,Team Vitality,4050,4300,0,0,Pistol,Pistol,t,vitality-vs-spirit-m2-nuke.dem
2,5867,7147,13255,13575,t,ct_killed,,not_planted,Team Spirit,Team Vitality,Team Vitality,11050,19150,2,0,Semi-Buy,Semi-Buy,ct,vitality-vs-spirit-m2-nuke.dem
3,13575,14855,20237,20557,t,ct_killed,,not_planted,Team Spirit,Team Vitality,Team Vitality,3200,21350,3,0,Full Eco,Full Buy,t,vitality-vs-spirit-m2-nuke.dem
4,20557,21837,27882,28202,ct,t_killed,,not_planted,Team Spirit,Team Vitality,Team Spirit,25800,22250,4,0,Full Buy,Full Buy,t,vitality-vs-spirit-m2-nuke.dem
5,28202,29482,34610,34930,t,ct_killed,,not_planted,Team Spirit,Team Vitality,Team Vitality,28850,26650,2,1,Full Buy,Full Buy,ct,vitality-vs-spirit-m2-nuke.dem
6,34930,38336,45334,45654,t,bomb_exploded,42710,bombsite_b,Team Spirit,Team Vitality,Team Vitality,21500,24650,3,0,Full Buy,Full Buy,t,vitality-vs-spirit-m2-nuke.dem
7,45654,46934,50727,51047,ct,t_killed,,not_planted,Team Spirit,Team Vitality,Team Spirit,26550,25300,4,0,Full Buy,Full Buy,t,vitality-vs-spirit-m2-nuke.dem
8,51047,52327,59687,60007,ct,time_ran_out,,not_planted,Team Spirit,Team Vitality,Team Spirit,28150,25300,2,1,Full Buy,Full Buy,ct,vitality-vs-spirit-m2-nuke.dem
9,60007,64294,73395,73715,t,bomb_exploded,70771,bombsite_b,Team Spirit,Team Vitality,Team Vitality,27700,20000,1,2,Full Buy,Full Buy,t,vitality-vs-spirit-m2-nuke.dem
10,73715,74995,81799,82119,t,ct_killed,81774,bombsite_b,Team Spirit,Team Vitality,Team Vitality,19850,27650,2,0,Semi-Buy,Full Buy,ct,vitality-vs-spirit-m2-nuke.dem
11,82119,85636,92216,92536,t,ct_killed,90558,bombsite_b,Team Spirit,Team Vitality,Team Vitality,6550,27850,3,0,Semi-Eco,Full Buy,t,vitality-vs-spirit-m2-nuke.dem
12,92536,93816,99852,100396,ct,t_killed,,not_planted,Team Spirit,Team Vitality,Team Spirit,24900,28150,4,0,Full Buy,Full Buy,ct,vitality-vs-spirit-m2-nuke.dem
13,100396,116033,119290,119610,ct,t_killed,,not_planted,Team Vitality,Team Spirit,Team Vitality,4250,4300,1,1,Pistol,Pistol,t,vitality-vs-spirit-m2-nuke.dem
14,119610,120890,127644,127964,ct,t_killed,,not_planted,Team Vitality,Team Spirit,Team Vitality,20150,2000,0,2,Full Buy,Full Eco,t,vitality-vs-spirit-m2-nuke.dem
15,127964,129244,136308,136628,t,bomb_exploded,133684,bombsite_b,Team Vitality,Team Spirit,Team Spirit,25000,22900,0,3,Full Buy,Full Buy,ct,vitality-vs-spirit-m2-nuke.dem
16,136628,137908,139755,140075,ct,t_killed,,not_planted,Team Vitality,Team Spirit,Team Vitality,24300,25500,1,1,Full Buy,Full Buy,ct,vitality-vs-spirit-m2-nuke.dem
17,140075,143442,149798,150118,ct,t_killed,,not_planted,Team Vitality,Team Spirit,Team Vitality,28000,10900,0,2,Full Buy,Semi-Buy,t,vitality-vs-spirit-m2-nuke.dem
18,150118,151398,153902,153902,ct,t_killed,,not_planted,Team Vitality,Team Spirit,Team Vitality,30100,18500,0,3,Full Buy,Semi-Buy,ct,vitality-vs-spirit-m2-nuke.dem
1,1,1264,5677,5997,ct,t_killed,,not_planted,Team Vitality,Team Spirit,Team Vitality,4250,4550,0,0,Pistol,Pistol,t,vitality-vs-spirit-m3-mirage.dem
2,5997,7277,13404,13724,ct,t_killed,,not_planted,Team Vitality,Team Spirit,Team Vitality,18450,2150,0,2,Semi-Buy,Full Eco,ct,vitality-vs-spirit-m3-mirage.dem
3,13724,15004,18793,19113,ct,t_killed,,not_planted,Team Vitality,Team Spirit,Team Vitality,23600,22500,0,3,Full Buy,Full Buy,t,vitality-vs-spirit-m3-mirage.dem
4,19113,20393,23450,23770,ct,t_killed,,not_planted,Team Vitality,Team Spirit,Team Vitality,27600,7050,0,4,Full Buy,Semi-Eco,t,vitality-vs-spirit-m3-mirage.dem
5,23770,25050,31290,31610,t,ct_killed,,not_planted,Team Vitality,Team Spirit,Team Spirit,26800,26150,0,5,Full Buy,Full Buy,ct,vitality-vs-spirit-m3-mirage.dem
6,31610,32890,39086,39406,ct,bomb_defused,37683,bombsite_b,Team Vitality,Team Spirit,Team Vitality,25350,27350,1,3,Full Buy,Full Buy,t,vitality-vs-spirit-m3-mirage.dem
7,39406,42903,47834,48154,ct,t_killed,,not_planted,Team Vitality,Team Spirit,Team Vitality,28850,26250,0,4,Full Buy,Full Buy,t,vitality-vs-spirit-m3-mirage.dem
8,48154,49434,55677,55997,t,ct_killed,,not_planted,Team Vitality,Team Spirit,Team Spirit,29200,24950,0,5,Full Buy,Full Buy,ct,vitality-vs-spirit-m3-mirage.dem
9,55997,57277,64378,64698,t,bomb_exploded,61754,bombsite_b,Team Vitality,Team Spirit,Team Spirit,27650,22500,1,3,Full Buy,Full Buy,t,vitality-vs-spirit-m3-mirage.dem
10,64698,68621,74948,75268,ct,bomb_defused,73652,bombsite_b,Team Vitality,Team Spirit,Team Vitality,8450,22500,2,2,Semi-Eco,Full Buy,ct,vitality-vs-spirit-m3-mirage.dem
11,75268,78473,80710,81030,ct,t_killed,,not_planted,Team Vitality,Team Spirit,Team Vitality,30450,10200,0,3,Full Buy,Semi-Buy,t,vitality-vs-spirit-m3-mirage.dem
12,81030,82310,87563,88107,t,ct_killed,,not_planted,Team Vitality,Team Spirit,Team Spirit,29100,22900,0,4,Full Buy,Full Buy,ct,vitality-vs-spirit-m3-mirage.dem
13,88107,125856,129405,129725,t,ct_killed,128001,bombsite_b,Team Spirit,Team Vitality,Team Vitality,4250,4300,1,1,Pistol,Pistol,t,vitality-vs-spirit-m3-mirage.dem
14,129725,131005,136080,136400,t,bomb_exploded,133456,bombsite_b,Team Spirit,Team Vitality,Team Vitality,1500,21050,2,0,Full Eco,Full Buy,t,vitality-vs-spirit-m3-mirage.dem
15,136400,137680,140841,141160,t,ct_killed,,not_planted,Team Spirit,Team Vitality,Team Vitality,22450,23800,3,0,Full Buy,Full Buy,ct,vitality-vs-spirit-m3-mirage.dem
16,141160,142440,144376,144696,ct,t_killed,,not_planted,Team Spirit,Team Vitality,Team Spirit,16300,25300,4,0,Semi-Buy,Full Buy,ct,vitality-vs-spirit-m3-mirage.dem
17,144696,145976,150595,150915,ct,t_killed,,not_planted,Team Spirit,Team Vitality,Team Spirit,26050,19550,2,1,Full Buy,Semi-Buy,t,vitality-vs-spirit-m3-mirage.dem
18,150915,152195,155171,155491,ct,t_killed,,not_planted,Team Spirit,Team Vitality,Team Spirit,29650,2100,1,2,Full Buy,Full Eco,ct,vitality-vs-spirit-m3-mirage.dem
19,155491,156771,160370,160690,ct,t_killed,,not_planted,Team Spirit,Team Vitality,Team Spirit,30150,22500,0,3,Full Buy,Full Buy,ct,vitality-vs-spirit-m3-mirage.dem
20,160690,161970,167949,168269,ct,bomb_defused,166667,bombsite_b,Team Spirit,Team Vitality,Team Spirit,29100,6350,0,4,Full Buy,Semi-Eco,ct,vitality-vs-spirit-m3-mirage.dem
21,168269,171469,177433,177753,ct,t_killed,,not_planted,Team Spirit,Team Vitality,Team Spirit,30750,25200,0,5,Full Buy,Full Buy,ct,vitality-vs-spirit-m3-mirage.dem
22,177753,181911,191032,191352,ct,bomb_defused,188740,bombsite_b,Team Spirit,Team Vitality,Team Spirit,30650,24200,0,6,Full Buy,Full Buy,t,vitality-vs-spirit-m3-mirage.dem
23,191352,194897,200607,200927,t,bomb_exploded,197983,bombsite_b,Team Spirit,Team Vitality,Team Vitality,31350,22800,0,7,Full Buy,Full Buy,t,vitality-vs-spirit-m3-mirage.dem
24,200927,202207,207964,207964,t,ct_killed,207953,bombsite_b,Team Spirit,Team Vitality,Team Vitality,24600,23800,1,3,Full Buy,Full Buy,t,vitality-vs-spirit-m3-mirage.dem
1,1,1264,5706,6026,ct,t_killed,,not_planted,Team Vitality,The MongolZ,Team Vitality,5100,4200,0,0,Pistol,Pistol,t,vitality-vs-the-mongolz-m1-mirage.dem
2,6026,7306,9524,9844,ct,t_killed,,not_planted,Team Vitality,The MongolZ,Team Vitality,20250,1500,0,2,Full Buy,Full Eco,ct,vitality-vs-the-mongolz-m1-mirage.dem
3,9844,11124,18190,18510,ct,bomb_defused,17235,bombsite_b,Team Vitality,The MongolZ,Team Vitality,24650,22200,0,3,Full Buy,Full Buy,t,vitality-vs-the-mongolz-m1-mirage.dem
4,18510,21884,24333,24653,ct,t_killed,,not_planted,Team Vitality,The MongolZ,Team Vitality,29750,19650,0,4,Full Buy,Semi-Buy,t,vitality-vs-the-mongolz-m1-mirage.dem
5,24653,25933,28956,29276,ct,t_killed,,not_planted,Team Vitality,The MongolZ,Team Vitality,29850,9500,0,5,Full Buy,Semi-Eco,ct,vitality-vs-the-mongolz-m1-mirage.dem
6,29276,30556,36220,36540,t,ct_killed,35897,bombsite_b,Team Vitality,The MongolZ,The MongolZ,29700,26400,0,6,Full Buy,Full Buy,t,vitality-vs-the-mongolz-m1-mirage.dem
7,36540,37820,47382,47702,t,bomb_exploded,44758,bombsite_b,Team Vitality,The MongolZ,The MongolZ,27050,27450,1,3,Full Buy,Full Buy,t,vitality-vs-the-mongolz-m1-mirage.dem
8,47702,51018,58459,58779,t,ct_killed,56244,bombsite_b,Team Vitality,The MongolZ,The MongolZ,22850,27450,2,2,Full Buy,Full Buy,ct,vitality-vs-the-mongolz-m1-mirage.dem
9,58779,60059,65924,66244,t,ct_killed,,not_planted,Team Vitality,The MongolZ,The MongolZ,3100,27750,3,1,Full Eco,Full Buy,t,vitality-vs-the-mongolz-m1-mirage.dem
10,66244,67524,72898,73218,t,bomb_exploded,70274,bombsite_b,Team Vitality,The MongolZ,The MongolZ,25050,27950,4,0,Full Buy,Full Buy,ct,vitality-vs-the-mongolz-m1-mirage.dem
11,73218,76956,83930,84250,ct,bomb_defused,81991,bombsite_b,Team Vitality,The MongolZ,Team Vitality,19100,27650,5,0,Semi-Buy,Full Buy,t,vitality-vs-the-mongolz-m1-mirage.dem
12,84250,87862,92399,92943,ct,t_killed,,not_planted,Team Vitality,The MongolZ,Team Vitality,29850,27750,3,1,Full Buy,Full Buy,ct,vitality-vs-the-mongolz-m1-mirage.dem
13,92943,107089,110929,111249,t,ct_killed,,not_planted,The MongolZ,Team Vitality,Team Vitality,4250,3900,1,1,Pistol,Pistol,t,vitality-vs-the-mongolz-m1-mirage.dem
14,111249,112529,116488,116808,t,ct_killed,,not_planted,The MongolZ,Team Vitality,Team Vitality,2000,19150,2,0,Full Eco,Semi-Buy,t,vitality-vs-the-mongolz-m1-mirage.dem
15,116808,118088,121018,121338,t,ct_killed,121016,bombsite_b,The MongolZ,Team Vitality,Team Vitality,23350,22450,3,0,Full Buy,Full Buy,ct,vitality-vs-the-mongolz-m1-mirage.dem
16,121338,124780,132869,133189,t,bomb_exploded,130245,bombsite_b,The MongolZ,Team Vitality,Team Vitality,7000,25100,4,0,Semi-Eco,Full Buy,ct,vitality-vs-the-mongolz-m1-mirage.dem
17,133189,134469,138938,139258,ct,t_killed,,not_planted,The MongolZ,Team Vitality,The MongolZ,29600,25200,5,0,Full Buy,Full Buy,t,vitality-vs-the-mongolz-m1-mirage.dem
18,139258,143278,148334,148654,t,ct_killed,148253,bombsite_b,The MongolZ,Team Vitality,Team Vitality,23700,22850,3,1,Full Buy,Full Buy,ct,vitality-vs-the-mongolz-m1-mirage.dem
19,148654,149934,155842,156162,ct,t_killed,,not_planted,The MongolZ,Team Vitality,The MongolZ,17400,27550,4,0,Semi-Buy,Full Buy,ct,vitality-vs-the-mongolz-m1-mirage.dem
20,156162,157442,163139,163139,t,ct_killed,,not_planted,The MongolZ,Team Vitality,Team Vitality,21600,17250,2,1,Full Buy,Semi-Buy,ct,vitality-vs-the-mongolz-m1-mirage.dem
1,1,1264,4098,4418,ct,t_killed,,not_planted,The MongolZ,Team Vitality,The MongolZ,4050,4250,0,0,Pistol,Pistol,t,vitality-vs-the-mongolz-m2-nuke.dem
2,4418,5698,9824,10144,ct,t_killed,,not_planted,The MongolZ,Team Vitality,The MongolZ,18200,1500,0,2,Semi-Buy,Full Eco,ct,vitality-vs-the-mongolz-m2-nuke.dem
3,10144,11424,16906,17226,t,bomb_exploded,14282,bombsite_b,The MongolZ,Team Vitality,Team Vitality,23200,22400,0,3,Full Buy,Full Buy,t,vitality-vs-the-mongolz-m2-nuke.dem
4,17226,18506,23790,24110,t,ct_killed,,not_planted,The MongolZ,Team Vitality,Team Vitality,25150,23600,1,1,Full Buy,Full Buy,t,vitality-vs-the-mongolz-m2-nuke.dem
5,24110,25390,33180,33500,t,bomb_exploded,30556,bombsite_b,The MongolZ,Team Vitality,Team Vitality,18450,23350,2,0,Semi-Buy,Full Buy,ct,vitality-vs-the-mongolz-m2-nuke.dem
6,33500,34780,36587,36907,t,ct_killed,36529,bombsite_b,The MongolZ,Team Vitality,Team Vitality,7600,23550,3,0,Semi-Eco,Full Buy,t,vitality-vs-the-mongolz-m2-nuke.dem
7,36907,40264,49882,50202,t,bomb_exploded,47258,bombsite_b,The MongolZ,Team Vitality,Team Vitality,24550,26100,4,0,Full Buy,Full Buy,t,vitality-vs-the-mongolz-m2-nuke.dem
8,50202,51482,57374,57694,t,ct_killed,,not_planted,The MongolZ,Team Vitality,Team Vitality,9350,25900,5,0,Semi-Eco,Full Buy,ct,vitality-vs-the-mongolz-m2-nuke.dem
9,57694,58974,65232,65552,t,ct_killed,,not_planted,The MongolZ,Team Vitality,Team Vitality,26100,26300,6,0,Full Buy,Full Buy,t,vitality-vs-the-mongolz-m2-nuke.dem
10,65552,69020,74374,74694,t,ct_killed,,not_planted,The MongolZ,Team Vitality,Team Vitality,10550,26200,7,0,Semi-Buy,Full Buy,ct,vitality-vs-the-mongolz-m2-nuke.dem
11,74694,75974,82824,83144,ct,t_killed,,not_planted,The MongolZ,Team Vitality,The MongolZ,27350,26100,8,0,Full Buy,Full Buy,t,vitality-vs-the-mongolz-m2-nuke.dem
12,83144,84424,89323,89867,ct,t_killed,,not_planted,The MongolZ,Team Vitality,The MongolZ,30100,28050,3,1,Full Buy,Full Buy,ct,vitality-vs-the-mongolz-m2-nuke.dem
13,89867,104943,106137,106457,ct,t_killed,,not_planted,Team Vitality,The MongolZ,Team Vitality,4250,5500,1,1,Pistol,Pistol,t,vitality-vs-the-mongolz-m2-nuke.dem
14,106457,107737,111270,111590,ct,t_killed,,not_planted,Team Vitality,The MongolZ,Team Vitality,20800,9650,0,2,Full Buy,Semi-Eco,t,vitality-vs-the-mongolz-m2-nuke.dem
15,111590,112870,117459,117779,ct,t_killed,,not_planted,Team Vitality,The MongolZ,Team Vitality,28700,3000,0,3,Full Buy,Full Eco,ct,vitality-vs-the-mongolz-m2-nuke.dem
16,117779,119059,123525,123845,ct,t_killed,,not_planted,Team Vitality,The MongolZ,Team Vitality,29000,24500,0,4,Full Buy,Full Buy,ct,vitality-vs-the-mongolz-m2-nuke.dem
17,123845,125125,129634,129954,t,ct_killed,,not_planted,Team Vitality,The MongolZ,The MongolZ,29000,14950,0,5,Full Buy,Semi-Buy,t,vitality-vs-the-mongolz-m2-nuke.dem
18,129954,131234,138518,138838,t,ct_killed,136176,bombsite_b,Team Vitality,The MongolZ,The MongolZ,29700,24400,1,3,Full Buy,Full Buy,ct,vitality-vs-the-mongolz-m2-nuke.dem
19,138838,140118,144576,144896,t,ct_killed,,not_planted,Team Vitality,The MongolZ,The MongolZ,7350,24600,2,2,Semi-Eco,Full Buy,ct,vitality-vs-the-mongolz-m2-nuke.dem
20,144896,148274,156869,157189,t,ct_killed,154529,bombsite_b,Team Vitality,The MongolZ,The MongolZ,23650,27650,3,1,Full Buy,Full Buy,ct,vitality-vs-the-mongolz-m2-nuke.dem
21,157189,158469,164742,165062,t,ct_killed,,not_planted,Team Vitality,The MongolZ,The MongolZ,7900,22950,4,0,Semi-Eco,Full Buy,ct,vitality-vs-the-mongolz-m2-nuke.dem
22,165062,166342,169288,169288,ct,t_killed,,not_planted,Team Vitality,The MongolZ,Team Vitality,26500,26650,5,0,Full Buy,Full Buy,t,vitality-vs-the-mongolz-m2-nuke.dem